0.0189825 0.824 0.8193 0.666433 0.933836 0.280953 0.564653 0.919523 0.19364 
0.985351 0.376904 0.575732 0.338572 0.032136 0.3249 0.866665 0.85992 0.889279 
0.679495 0.45671 0.833308 0.623402 0.860073 0.728935 0.686148 0.72219 0.593707 
0.432173 0.881558 0.167913 0.318766 0.595569 0.799249 0.919645 0.363689 0.117252 
0.594989 0.45967 0.932371 0.932829 0.319987 0.560808 0.427595 0.170171 0.0809961 
0.930509 0.143651 0.197272 0.523026 0.88815 0.858974 0.968108 0.415296 0.732047 
0.360912 0.574236 0.622089 0.951781 0.433088 0.407666 0.239662 0.942839 0.336863 
0.840877 0.180212 0.379162 0.318461 0.831141 0.984619 0.900357 0.172399 0.354564 
0.144749 0.269509 0.393139 0.0768456 0.716971 0.657979 0.945616 0.166143 0.507675 
0.213385 0.186224 0.655232 0.612568 0.567095 0.965697 0.258309 0.590594 0.437269 
0.444258 0.0494705 0.0539262 0.984069 0.651784 0.908658 0.955138 0.0729087 0.322489 
0.14127 0.352886 0.102268 0.0369274 0.178198 0.937742 0.55211 0.201453 0.761742 
0.0982391 0.909238 0.897061 0.524552 0.810205 0.126041 0.12833 0.367046 0.128483 
0.268502 0.504624 0.540178 0.564562 0.509934 0.883328 0.83929 0.129276 0.126774 
0.00784326 0.81576 0.323405 0.652486 0.67098 0.412244 0.85638 0.845943 0.434431 
0.928373 0.37492 0.630482 0.436811 0.72219 0.982971 0.660054 0.320444 0.554857 
0.833186 0.668294 0.808588 0.983612 0.57268 0.257363 0.964354 0.710105 0.923124 
0.282327 0.662587 0.290017 0.176916 0.487472 0.305765 0.110233 0.890805 0.550768 
0.315317 0.0397656 0.557726 0.193121 0.429579 0.66097 0.538652 0.507859 0.339671 
0.48677 0.035371 0.167516 0.694601 0.070864 0.385479 0.663625 0.00643941 0.416333 
0.460982 0.236122 0.487655 0.589648 0.451643 0.648305 0.350688 0.945921 0.814234 
0.46379 0.602405 0.871487 0.669271 0.981872 0.863216 0.45085 0.426008 0.486831 
0.243324 0.963164 0.917447 0.968657 0.806787 0.615284 0.826044 0.97 0.6545 
0.417493 0.68218 0.716819 0.157781 0.607837 0.215552 0.18836 0.373608 0.531602 
0.341807 0.282815 0.172521 0.382336 0.564959 0.734764 0.110874 0.710074 0.0769982 
0.94113 0.578509 0.103732 0.336436 0.35136 0.252846 0.953368 0.405988 0.578509 
0.391064 0.698813 0.831782 0.88699 0.991424 0.471023 0.344584 0.213782 0.354625 
0.531968 0.164739 0.37904 0.0775781 0.419965 0.191534 0.642262 0.00912503 0.206 
0.858974 0.260537 0.200598 0.767876 0.938536 0.205145 0.381451 0.48793 0.0705283 
0.692221 0.991638 0.281228 0.305399 0.684378 0.301828 0.359661 0.435621 0.0193793 
0.652821 0.638874 0.400342 0.321848 0.345256 0.193884 0.543168 0.354259 0.211097 
0.670064 0.004944 0.96411 0.39787 0.0549028 0.0324717 0.282601 0.397168 0.717948 
0.484481 0.331828 0.848415 0.12418 0.316019 0.696158 0.149327 0.127659 0.322916 
0.414411 0.404492 0.251381 0.926939 0.749321 0.742515 0.859767 0.283242 0.989441 
0.534227 0.629994 0.491684 0.941435 0.542009 0.228401 0.19245 0.26719 0.532395 
0.598163 0.327921 0.323649 0.382488 0.764672 0.351848 0.660268 0.212043 0.564501 
0.66689 0.831172 0.571947 0.20484 0.572069 0.678091 0.220801 0.0587787 0.501175 
0.740013 0.520524 0.603687 0.833399 0.946318 0.982299 0.907865 0.0574358 0.249123 
0.994385 0.572771 0.570727 0.351573 0.26249 0.536271 0.894009 0.187628 0.99472 
0.643605 0.58385 0.310831 0.361309 0.392132 0.623402 0.846583 0.261635 0.756157 
0.572649 0.16599 0.92877 0.497971 0.260262 0.936094 0.403027 0.871883 0.297128 
0.703452 0.406507 0.126377 0.193793 0.667348 0.648488 0.71218 0.36259 0.798517 
0.0943022 0.600879 0.785577 0.959807 0.228187 0.621632 0.629963 0.185095 0.841334 
0.221595 0.591998 0.772881 0.376873 0.556261 0.250649 0.350108 0.362529 0.316233 
0.212165 0.563372 0.962645 0.196753 0.327006 0.553087 0.180181 0.415693 0.760399 
0.867183 0.740989 0.186926 0.197302 0.970611 0.190191 0.554918 0.963897 0.00650044 
0.233589 0.496841 0.345866 0.965972 0.853572 0.69863 0.885525 0.921842 0.232307 
0.911069 0.938414 0.483596 0.0126652 0.292123 0.271249 0.128941 0.928068 0.642109 
0.981964 0.568712 0.332865 0.937193 0.523057 0.801019 0.664632 0.0685751 0.110172 
0.011597 0.368755 0.192602 0.296365 0.975555 0.317759 0.598559 0.993561 0.117527 
0.255623 0.500229 0.722861 0.886502 0.298929 0.657735 0.37434 0.600909 0.0258492 
0.235481 0.258034 0.421186 0.184271 0.80285 0.726951 0.605029 0.55034 0.88348 
0.153905 0.702536 0.968535 0.959899 0.542924 0.846614 0.104831 0.339396 0.556658 
0.795862 0.943907 0.787378 0.241218 0.885159 0.56148 0.334635 0.229316 0.541063 
0.203925 0.164647 0.70333 0.517655 0.205084 0.987396 0.89935 0.509598 0.772607 
0.805231 0.433393 0.298074 0.174596 0.478408 0.23133 0.0865505 0.357982 0.994903 
0.343394 0.18186 0.529527 0.851955 0.424757 0.677602 0.731315 0.455153 0.163335 
0.29545 0.941282 0.941404 0.436384 0.0410779 0.730766 0.331523 0.476363 0.830836 
0.00958281 0.420087 0.828242 0.745079 0.89053 0.306711 0.378857 0.065096 0.204016 
0.977142 0.239967 0.74929 0.694601 0.838862 0.765801 0.504959 0.430219 0.618213 
0.48677 0.112278 0.455672 0.52501 0.240608 0.156255 0.221412 0.0911893 0.281777 
0.823359 0.819117 0.589251 0.650685 0.918577 0.554857 0.437178 0.584002 0.759636 
0.891812 0.496017 0.2472 0.104526 0.293069 0.666066 0.570666 0.76809 0.996155 
0.688345 0.470443 0.0846583 0.250465 0.55736 0.235145 0.872585 0.0488296 0.451277 
0.360027 0.0567339 0.884579 0.586108 0.609546 0.605884 0.564898 0.89996 0.589862 
0.940275 0.612568 0.97351 0.612201 0.466659 0.286447 0.0930815 0.128452 0.39613 
0.752586 0.862758 0.520524 0.501633 0.43675 0.271126 0.524094 0.971068 0.0901517 
0.619861 0.0686056 0.0124516 0.599017 0.219489 0.814783 0.367229 0.0696738 0.259316 
0.169866 0.38789 0.220344 0.757073 0.0636311 0.836665 0.610736 0.995117 0.264657 
0.0607013 0.740715 0.349193 0.519028 0.700888 0.549547 0.916135 0.292947 0.58977 
0.34669 0.846248 0.399548 0.995453 0.705374 0.787378 0.292093 0.867153 0.350505 
0.346599 0.3043 0.239296 0.571886 0.975402 0.619282 0.449934 0.193915 0.185217 
0.248085 0.32963 0.633595 0.499283 0.799432 0.0175787 0.0771203 0.0467849 0.321482 
0.561022 0.307321 0.206305 0.997559 0.953703 0.212561 0.203925 0.976043 0.770318 
0.508499 0.0728477 0.116703 0.0530106 0.704001 0.880642 0.934385 0.605884 0.842616 
0.630055 0.520524 0.353801 0.0502945 0.740379 0.725455 0.922391 0.421613 0.514634 
0.380779 0.0944243 0.274422 0.499588 0.844661 0.300058 0.305399 0.144688 0.650166 
0.79574 0.677206 0.665792 0.538896 0.689505 0.568102 0.520524 0.659963 0.467879 
0.216346 0.400922 0.216895 0.181036 0.989532 0.150273 0.34257 0.942503 0.510453 
0.509659 0.484237 0.899319 0.371532 0.100925 0.0792871 0.329539 0.467635 0.552568 
0.803613 0.0226753 0.479629 0.173864 0.172948 0.599597 0.539628 0.0845668 0.779809 
0.928098 0.609058 0.205756 0.945494 0.290628 0.600726 0.0180975 0.070101 0.460158 
0.776513 0.494369 0.460677 0.34022 0.451552 0.111454 0.919279 0.32609 0.536332 
0.349284 0.871822 0.0424818 0.947996 0.581927 0.319681 0.614948 0.421979 0.767724 
0.394269 0.130131 0.755242 0.844325 0.796686 0.442305 0.0124516 0.235267 0.903256 
0.981506 0.726493 0.374035 0.818476 0.71984 0.623798 0.651784 0.156346 0.952605 
0.907041 0.695456 0.831507 0.0496536 0.625202 0.38197 0.641346 0.834132 0.16303 
0.495163 0.92053 0.744011 0.380749 0.431379 0.0487075 0.433485 0.43553 0.860317 
0.0936308 0.969787 0.815699 0.747063 0.369396 0.281899 0.619251 0.641774 0.192694 
0.0179144 0.607746 0.6433 0.617328 0.466323 0.0665914 0.942564 0.428297 0.698202 
0.0036317 0.35258 0.177221 0.586505 0.716514 0.73101 0.539903 0.858425 0.260537 
0.701254 0.777215 0.837092 0.848384 0.579089 0.581103 0.0292367 0.712333 0.910215 
0.0863674 0.214576 0.460921 0.525681 0.329753 0.193548 0.461043 0.52092 0.93759 
0.849452 0.276223 0.0649129 0.323099 0.681112 0.693411 0.445936 0.174993 0.462966 
0.368419 0.259377 0.51793 0.187872 0.622089 0.144902 0.126804 0.949553 0.417829 
0.978423 0.575732 0.920774 0.0521867 0.92526 0.702872 0.0834681 0.589679 0.26133 
0.772881 0.867122 0.572619 0.36787 0.117374 0.351207 0.0380871 0.805963 0.535752 
0.189062 0.372448 0.878079 0.236457 0.908109 0.0350352 0.581561 0.60094 0.74337 
0.682485 0.361278 0.55092 0.660756 0.724204 0.567309 0.800409 0.725669 0.841456 
0.0238044 0.773827 0.47383 0.499802 0.615619 0.47145 0.440138 0.98761 0.298654 
0.0631733 0.502152 0.0106204 0.440321 0.492233 0.194006 0.375011 0.896329 0.869686 
0.647725 0.788903 0.729972 0.941557 0.317148 0.314951 0.980468 0.409131 0.14185 
0.504105 0.38609 0.384259 0.306467 0.742424 0.468856 0.760399 0.252022 0.842036 
0.886624 0.781274 0.0955229 0.407453 0.459059 0.587817 0.114017 0.0085757 0.773919 
0.0248115 0.449141 0.691549 0.779229 0.488968 0.688955 0.85873 0.268349 0.0985443 
0.482711 0.0490738 0.663839 0.967376 0.845271 0.650319 0.00628681 0.862728 0.306986 
0.0737022 0.554582 0.0299997 0.565813 0.4232 0.903653 0.464278 0.797449 0.189795 
0.0260628 0.410169 0.279855 0.00283822 0.143895 0.372082 0.488815 0.96881 0.836634 
0.414869 0.320048 0.629505 0.291665 0.03708 0.594775 0.0706198 0.104038 0.397687 
0.504593 0.211921 0.530686 0.177435 0.152257 0.810205 0.606433 0.85641 0.844172 
0.206427 0.0273141 0.68865 0.291147 0.348582 0.207923 0.155553 0.373913 0.12064 
0.418714 0.178747 0.628773 0.509751 0.409558 0.874203 0.11066 0.642537 0.42616 
0.128452 0.789331 0.221686 0.0249336 0.778527 0.134739 0.394269 0.59331 0.676321 
0.0485855 0.582934 0.981079 0.419446 0.797235 0.311136 0.14948 0.0288705 0.103336 
0.553972 0.244148 0.355449 0.0516984 0.645436 0.997986 0.495865 0.96588 0.273629 
0.870388 0 0.911588 0.595325 0.829279 0.150243 0.983612 0.000488296 0.181646 
0.0943938 0.0318918 0.558916 0.359416 0.113498 0.983551 0.679312 0.0664388 0.805383 
0.416517 0.0129398 0.693228 0.465712 0.541826 0.132359 0.405469 0.447584 0.250008 
0.0168462 0.812616 0.780725 0.378338 0.875942 0.622639 0.831629 0.854915 0.341624 
0.189734 0.286294 0.876095 0.561632 0.360576 0.236305 0.7734 0.22364 0.52559 
0.649403 0.725883 0.042909 0.281747 0.00653096 0.9747 0.743767 0.612934 0.386029 
0.695761 0.0664083 0.993927 0.775994 0.186865 0.830958 0.324747 0.896817 0.525559 
0.588336 0.101108 0.314554 0.353923 0.891476 0.727561 0.126713 0.946532 0.715873 
0.379345 0.00125126 0.217872 0.0625935 0.31959 0.850642 0.825678 0.273629 0.0774255 
0.92172 0.0257271 0.0916471 0.394147 0.583117 0.435469 0.995117 0.342723 0.590869 
0.361492 0.839839 0.527848 0.113895 0.848262 0.338847 0.771905 0.300668 0.103275 
0.411054 0.193884 0.667837 0.455916 0.930265 0.0867946 0.0926847 0.505295 0.906064 
0.500443 0.690115 0.614246 0.627552 0.935179 0.355754 0.404859 0.801111 0.0537126 
0.256386 0.412549 0.213507 0.816401 0.0487075 0.55446 0.951994 0.946532 0.108066 
0.568316 0.711753 0.132328 0.54799 0.0787683 0.222938 0.871273 0.312235 0.446455 
0.328043 0.363109 0.120182 0.0567034 0.740593 0.358409 0.547014 0.204077 0.0169683 
0.367901 0.0198981 0.228462 0.772668 0.139775 0.011597 0.0599078 0.673116 0.810663 
0.212317 0.827479 0.232093 0.636708 0.961547 0.688925 0.947417 0.710929 0.720817 
0.537492 0.805902 0.573351 0.86874 0.741661 0.688864 0.119633 0.599628 0.574602 
0.709037 0.715079 0.206702 0.489029 0.0105899 0.919858 0.531571 0.894345 0.0632344 
0.731681 0.860714 0.591662 0.981567 0.752586 0.0506302 0.523606 0.901151 0.185522 
0.162877 0.994507 0.942656 0.0675375 0.389721 0.0177007 0.794916 0.645161 0.552446 
0.946287 0.448408 0.29899 0.953124 0.0425428 0.110416 0.923215 0.860866 0.144139 
0.833216 0.166387 0.414411 0.0813623 0.885983 0.439955 0.22187 0.00311289 0.402722 
0.100314 0.438917 0.267067 0.336253 0.711447 0.60683 0.0506912 0.250404 0.793237 
0.0314646 0.339091 0.981262 0.962889 0.984741 0.446242 0.698782 0.875057 0.509049 
0.725455 0.400159 0.866817 0.107364 0.62569 0.365917 0.714286 0.0983917 0.749809 
0.610279 0.406476 0.919645 0.070925 0.856868 0.343486 0.158666 0.963469 0.070925 
0.864101 0.59444 0.204474 0.0798975 0.510269 0.0292062 0.602435 0.312418 0.934019 
0.193091 0.408856 0.188238 0.852962 0.50206 0.169469 0.189734 0.961211 0.950407 
0.171239 0.146092 0.201392 0.919675 0.141057 0.761773 0.304392 0.184606 0.352947 
0.920316 0.00274667 0.897641 0.799493 0.794885 0.824366 0.832972 0.584002 0.29664 
0.87228 0.67217 0.189795 0.892178 0.497269 0.611469 0.782556 0.321329 0.269082 
0.0729392 0.202002 0.247017 0.152898 0.800317 0.799585 0.367321 0.296976 0.120701 
0.777886 0.0222785 0.337962 0.653859 0.188269 0.82577 0.630146 0.249763 0.243171 
0.354015 0.304422 0.435957 0.0986663 0.422346 0.564043 0.155919 0.76455 0.980529 
0.122593 0.0798975 0.297098 0.158879 0.191046 0.268899 0.9317 0.496078 0.919706 
0.4738 0.31077 0.879513 0.701437 0.850154 0.464187 0.230018 0.242866 0.370556 
0.697317 0.462142 0.808924 0.715384 0.0437941 0.750572 0.547685 0.923154 0.439192 
0.634999 0.301614 0.582293 0.271249 0.993744 0.811243 0.844722 0.463485 0.41789 
0.717765 0.0432447 0.748405 0.0171819 0.270577 0.193732 0.286111 0.188665 0.146458 
0.162938 0.285226 0.379345 0.285897 0.784173 0.78161 0.374584 0.153539 0.700888 
0.23188 0.142949 0.328806 0.220588 0.0774865 0.768822 0.832331 0.959319 0.935728 
0.504318 0.0956755 0.558519 0.573931 0.471664 0.979308 0.255654 0.323283 0.0469985 
0.745903 0.589282 0.0881375 0.457228 0.395001 0.0202643 0.60741 0.620869 0.265145 
0.750389 0.124027 0.76458 0.309854 0.51912 0.119175 0.845882 0.953703 0.660604 
0.266701 0.314249 0.934782 0.2013 0.265023 0.241005 0.0395825 0.280129 0.701926 
0.349742 0.137059 0.671957 0.608753 0.978301 0.417158 0.695822 0.860683 0.503769 
0.241249 0.28956 0.0784326 0.261513 0.509995 0.531175 0.188757 0.4897 0.954772 
0.388989 0.298715 0.330271 0.259499 0.981628 0.041261 0.418073 0.418683 0.128819 
0.0475478 0.0888699 0.238014 0.474685 0.7022 0.737938 0.383679 0.964263 0.838435 
0.360118 0.887143 0.955046 0.528733 0.803125 0.510666 0.74453 0.627338 0.764397 
0.881039 0.794794 0.221076 0.0639058 0.796594 0.435804 0.644765 0.223365 0.614643 
0.328471 0.216895 0.883267 0.125217 0.468673 0.352824 0.089114 0.817133 0.0134587 
0.21073 0.97824 0.943052 0.710929 0.527207 0.897855 0.289865 0.214789 0.798639 
0.486435 0.0598773 0.0650349 0.464217 0.748894 0.770074 0.61565 0.247658 0.657399 
0.574755 0.691031 0.312815 0.308603 0.91879 0.252205 0.390454 0.169012 0.926664 
0.853938 0.531724 0.439283 0.43437 0.174078 0.644795 0.0689413 0.0702536 0.396619 
0.471236 0.453017 0.290628 0.729301 0.157903 0.341014 0.77691 0.837336 0.0805994 
0.990661 0.100223 0.474471 0.0762963 0.09653 0.0600909 0.0923795 0.739708 0.525681 
0.602832 0.710044 0.940184 0.390851 0.726524 0.823878 0.216254 0.493118 0.278512 
0.64037 0.202826 0.664693 0.0516984 0.412183 0.747948 0.0434278 0.0859706 0.158879 
0.875393 0.810511 0.580859 0.553819 0.249153 0.421552 0.325846 0.258248 0.296182 
0.864009 0.0545671 0.483932 0.643361 0.970519 0.628925 0.0655232 0.0254219 0.320444 
0.45967 0.824061 0.319834 0.760613 0.0695212 0.502426 0.86462 0.0761132 0.205023 
0.0547197 0.715903 0.843257 0.403699 0.570238 0.00106815 0.994751 0.422224 0.613178 
0.0238655 0.129704 0.432539 0.26017 0.277627 0.0987274 0.39143 0.615864 0.023072 
0.895321 0.490493 0.0884732 0.586932 0.385846 0.0921659 0.206305 0.0369579 0.908078 
0.0585955 0.256569 0.391095 0.270394 0.879086 0.527665 0.0150456 0.182684 0.502792 
0.436232 0.366314 0.649831 0.282662 0.320322 0.739921 0.359569 0.937132 0.179693 
0.172216 0.595874 0.935209 0.144658 0.159429 0.708548 0.212165 0.954863 0.346538 
0.671224 0.621326 0.228675 0.843562 0.757958 0.0281991 0.805414 0.324534 0.870785 
0.453993 0.94058 0.566515 0.548387 0.173528 0.636067 0.583667 0.188086 0.175146 
0.886502 0.0137638 0.511704 0.887722 0.122532 0.9129 0.806848 0.581622 0.633137 
0.614124 0.974914 0.349895 0.246956 0.80752 0.917081 0.0756859 0.0554521 0.496628 
0.289041 0.292123 0.457778 0.988464 0.156743 0.341136 0.309305 0.57271 0.583148 
0.73751 0.455092 0.0468459 0.678182 0.143864 0.42906 0.743156 0.14301 0.863674 
0.600696 0.213691 0.83929 0.257668 0.550218 0.230201 0.415326 0.990844 0.953337 
0.254219 0.520096 0.515091 0.757256 0.0345164 0.636372 0.695273 0.92877 0.487503 
0.0641499 0.983184 0.556047 0.517228 0.0860012 0.0474563 0.584979 0.930998 0.844966 
0.264229 0.97174 0.106967 0.966674 0.975555 0.532334 0.570025 0.457167 0.921659 
0.271157 0.131932 0.907041 0.753349 0.468734 0.752373 0.533341 0.0305795 0.3108 
0.776849 0.0911588 0.613849 0.339702 0.707755 0.185034 0.853969 0.50911 0.165014 
0.01236 0.487442 0.12363 0.192358 0.0694296 0.642964 0.444411 0.565477 0.851985 
0.86523 0.241951 0.258461 0.0805994 0.563005 0.0774865 0.724815 0.483413 0.787103 
0.594195 0.148839 0.665975 0.74453 0.5992 0.324381 0.100925 0.955382 0.218146 
0.316355 0.767693 0.458602 0.903134 0.562212 0.473739 0.972747 0.575213 0.568529 
0.38908 0.417951 0.68334 0.860103 0.824671 0.705771 0.46025 0.336894 0.786096 
0.202521 0.156926 0.695639 0.334208 0.773034 0.536973 0.0718406 0.283486 0.810419 
0.411725 0.559252 0.269478 0.158513 0.498001 0.761895 0.716636 0.333506 0.378979 
0.0361644 0.737968 0.949889 0.850093 0.578234 0.497452 0.758446 0.430891 0.0135197 
0.0665304 0.201544 0.324168 0.644429 0.306192 0.892209 0.603473 0.0123905 0.805383 
0.923307 0.910611 0.930815 0.407636 0.413068 0.443983 0.644765 0.356761 0.193304 
0.519303 0.274026 0.592639 0.0462661 0.483779 0.195532 0.229102 0.396619 0.264931 
0.521592 0.744377 0.864834 0.335795 0.329753 0.915799 0.588153 0.376934 0.801447 
0.0298471 0.715293 0.417341 0.924406 0.399091 0.981292 0.734886 0.91641 0.716392 
0.768609 0.297739 0.025483 0.279061 0.560961 0.0284127 0.863765 0.612781 0.195807 
0.670888 0.930265 0.527482 0.822016 0.54265 0.479873 0.13596 0.968841 0.95294 
0.393963 0.866787 0.632435 0.568041 0.209479 0.00228889 0.786309 0.505081 0.962127 
0.773797 0.221656 0.435804 0.000488296 0.543962 0.124302 0.481094 0.42729 0.10889 
0.293893 0.177923 0.323344 0.650349 0.412214 0.299905 0.41142 0.369701 0.266335 
0.812372 0.315622 0.334605 0.333354 0.743522 0.0726341 0.570147 0.632466 0.253151 
0.0514542 0.924924 0.250954 0.679403 0.937346 0.744224 0.450331 0.845668 0.936338 
0.880825 0.758751 0.408277 0.857265 0.074984 0.955901 0.526658 0.226264 0.23487 
0.356883 0.636769 0.0914335 0.648549 0.301157 0.609485 0.672628 0.658895 0.252632 
0.074984 0.513443 0.832759 0.417615 0.19425 0.291513 0.155309 0.286294 0.659322 
0.943083 0.281259 0.0044557 0.202979 0.258309 0.373699 0.98175 0.399915 0.603656 
0.562395 0.641865 0.0397046 0.927274 0.552171 0.722434 0.853542 0.704001 0.413099 
0.0292062 0.875698 0.975982 0.0836512 0.0520951 0.221015 0.145329 0.617756 0.348491 
0.559587 0.674947 0.70748 0.100528 0.07004 0.353587 0.512162 0.752495 0.152532 
0.282083 0.325602 0.134312 0.682821 0.236091 0.112369 0.978088 0.0883816 0.562304 
0.444258 0.232734 0.0285958 0.263894 0.868709 0.0845668 0.958861 0.431928 0.239998 
0.0884121 0.361522 0.678579 0.0445265 0.316904 0.923582 0.728416 0.251534 0.933226 
0.443098 0.824427 0.720359 0.093997 0.745354 0.104617 0.695761 0.588855 0.389966 
0.605457 0.422407 0.121982 0.450362 0.048616 0.409406 0.642964 0.14655 0.0673238 
0.376904 0.632496 0.613147 0.0280465 0.415326 0.749565 0.58269 0.104526 0.388745 
0.745994 0.266915 0.759728 0.113926 0.0550249 0.216193 0.292337 0.3455 0.95999 
0.438704 0.604053 0.0996124 0.748894 0.560747 0.843745 0.346263 0.762322 0.309366 
0.0847194 0.602191 0.739433 0.0983001 0.691702 0.455519 0.369518 0.998962 0.533189 
0.553178 0.454665 0.87698 0.696005 0.0822474 0.590045 0.976653 0.858058 0.277291 
0.768059 0.73339 0.975341 0.983642 0.812525 0.0961028 0.439833 0.808924 0.0491958 
0.14069 0.36433 0.893948 0.118992 0.255562 0.150334 0.833399 0.339793 0.68099 
0.995666 0.77868 0.523453 0.682913 0.497299 0.253395 0.654225 0.142979 0.00686666 
0.713218 0.334697 0.845912 0.893735 0.380566 0.405469 0.24485 0.372662 0.386853 
0.645039 0.987365 0.0526139 0.751671 0.955931 0.981597 0.861812 0.231727 0.943327 
0.285257 0.506485 0.570055 0.292917 0.597888 0.119022 0.176611 0.853298 0.637928 
0.251717 0.772179 0.82989 0.185766 0.872372 0.0259407 0.996796 0.07416 0.518326 
0.718955 0.331858 0.907132 0.264901 0.463668 0.982269 0.788476 0.664357 0.51204 
0.966308 0.841517 0.31196 0.682119 0.517716 0.80105 0.195318 0.935453 0.478957 
0.458693 0.483047 0.635975 0.649312 0.243171 0.909024 0.0217902 0.494613 0.716422 
0.408948 0.921171 0.124393 0.26719 0.164769 0.243782 0.9429 0.782952 0.713797 
0.278756 0.880032 0.581713 0.278146 0.330546 0.608936 0.384747 0.971892 0.723869 
0.655904 0.611774 0.040376 0.709159 0.809259 0.77929 0.790033 0.299539 0.733085 
0.284036 0.362987 0.570879 0.192602 0.352397 0.0143132 0.455702 0.79693 0.436872 
0.0471511 0.562761 0.665609 0.841304 0.0622883 0.0530717 0.925504 0.855617 0.678518 
0.103885 0.443617 0.18189 0.379925 0.992004 0.702872 0.932524 0.646443 0.326914 
0.226447 0.981719 0.0236518 0.466384 0.457381 0.952178 0.288644 0.644276 0.499283 
0.617389 0.367443 0.842738 0.624897 0.00149541 0.160833 0.939848 0.958281 0.957427 
0.934782 0.163793 0.237098 0.504929 0.431074 0.385113 0.0614338 0.709738 0.355663 
0.277749 0.534837 0.384594 0.399396 0.880825 0.704459 0.394391 0.448836 0.591876 
0.706229 0.845485 0.142338 0.123081 0.0213324 0.941343 0.42851 0.451613 0.750206 
0.785485 0.282418 0.295114 0.310343 0.912839 0.236671 0.144383 0.464522 0.830744 
0.882778 0.383374 0.0846889 0.351299 0.999939 0.528642 0.559252 0.995666 0.466567 
0.119114 0.248329 0.251961 0.611652 0.287515 0.894925 0.968108 0.161565 0.544694 
0.39671 0.66039 0.438978 0.807978 0.845912 0.0195318 0.969787 0.205054 0.242622 
0.395245 0.154759 0.684561 0.788629 0.540269 0.161779 0.964232 0.166967 0.395917 
0.694784 0.848445 0.714835 0.199469 0.796411 0.446364 0.894498 0.695242 0.339549 
0.321177 0.97 0.73043 0.365184 0.102634 0.294595 0.0169683 0.921567 0.593707 
0.116367 0.340648 0.562029 0.902371 0.307108 0.998688 0.157109 0.630238 0.921567 
0.747093 0.177496 0.649312 0.993103 0.0391552 0.103549 0.497177 0.471572 0.836177 
0.118595 0.923399 0.710593 0.771386 0.741172 0.616932 0.409192 0.949156 0.553209 
0.64687 0.415418 0.159795 0.680197 0.646962 0.297189 0.792047 0.179479 0.275826 
0.0870083 0.223334 0.992981 0.983642 0.106784 0.970916 0.620624 0.616627 0.279061 
0.382824 0.170843 0.891079 0.830714 0.152074 0.944243 0.267159 0.795434 0.433729 
0.206366 0.255043 0.221564 0.847133 0.306894 0.683401 0.49089 0.143803 0.800104 
0.962127 0.655232 0.823115 0.723808 0.870754 0.196844 0.475784 0.692831 0.903195 
0.118931 0.137822 0.963073 0.700461 0.772271 0.43498 0.122501 0.602619 0.324656 
0.799799 0.565477 0.851039 0.279214 0.541948 0.406323 0.472182 0.947447 0.0534989 
0.988891 0.374615 0.283944 0.930174 0.647755 0.68981 0.988586 0.289621 0.877834 
0.888455 0.282388 0.0686972 0.568468 0.703574 0.263894 0.580065 0.458022 0.391217 
0.251198 0.109867 0.46556 0.360637 0.0171819 0.83813 0.0558184 0.70452 0.323283 
0.861843 0.293405 0.661092 0.658315 0.603717 0.742912 0.53914 0.588763 0.386303 
0.870815 0.136876 0.626545 0.453566 0.105686 0.186651 0.0206305 0.221137 0.212897 
0.85577 0.378857 0.0361644 0.139866 0.835719 0.525742 0.228156 0.988372 0.0500809 
0.50325 0.73217 0.270028 0.513382 0.120243 0.0655843 0.10126 0.370861 0.956969 
0.939421 0.494034 0.651784 0.23075 0.285867 0.398236 0.766564 0.429731 0.983093 
0.65273 0.279244 0.119816 0.0582904 0.500412 0.986969 0.832209 0.650929 0.824366 
0.836848 0.436903 0.516556 0.760521 0.712272 0.909085 0.353282 0.844081 0.619739 
0.89404 0.731529 0.344798 0.306833 0.977447 0.908475 0.948576 0.843715 0.0666524 
0.308847 0.440291 0.198126 0.790033 0.952696 0.545579 0.336406 0.319468 0.611682 
0.586535 0.880612 0.523606 0.975341 0.10831 0.853847 0.857051 0.608173 0.132786 
0.544664 0.892117 0.979064 0.195166 0.0217902 0.899747 0.344279 0.820185 0.330577 
0.384991 0.765069 0.594043 0.902219 0.984436 0.0414136 0.488357 0.207282 0.630512 
0.843104 0.592059 0.184515 0.390301 0.819025 0.907987 0.476394 0.883999 0.966704 
0.370006 0.00222785 0.689688 0.0422681 0.737358 0.901059 0.641102 0.293313 0.521836 
0.374157 0.423719 0.294717 0.604724 0.459883 0.376202 0.169561 0.699271 0.270913 
0.903195 0.975982 0.315195 0.725883 0.405499 0.541215 0.381329 0.306314 0.134342 
0.524338 0.182775 0.870266 0.875484 0.988525 0.768792 0.0537431 0.869716 0.264443 
0.487472 0.291421 0.876034 0.386151 0.803797 0.98761 0.783654 0.879971 0.0571001 
0.868892 0.678854 0.188635 0.31431 0.0496841 0.773431 0.511216 0.974761 0.842097 
0.10062 0.340312 0.283731 0.840663 0.384869 0.477859 0.41026 0.314402 0.991516 
0.810572 0.245369 0.436323 0.363079 0.626484 0.577715 0.382031 0.848079 0.753899 
0.802026 0.829157 0.328349 0.303385 0.817286 0.887845 0.551927 0.295175 0.270425 
0.994659 0.57683 0.952086 0.802179 0.800256 0.232734 0.939848 0.45088 0.58272 
0.00631733 0.33607 0.870876 0.217292 0.256691 0.608875 0.521683 0.234199 0.16718 
0.386456 0.483963 0.995453 0.339732 0.299112 0.0587787 0.522111 0.438002 0.674612 
0.806299 0.00332652 0.78573 0.368358 0.180181 0.518082 0.326304 0.509751 0.413984 
0.00100711 0.84991 0.445509 0.815607 0.983947 0.894498 0.661763 0.126408 0.14362 
0.226997 0.965758 0.100864 0.187872 0.310587 0.708701 0.963286 0.110324 0.664724 
0.330699 0.897549 0.345988 0.523942 0.00946074 0.2266 0.858241 0.701804 0.693564 
0.437422 0.688681 0.0660421 0.301645 0.707877 0.00128178 0.531449 0.369274 0.0920438 
0.151952 0.976409 0.923887 0.0198676 0.814356 0.989593 0.869686 0.267373 0.694082 
0.853084 0.663686 0.0539567 0.861782 0.66802 0.563707 0.423017 0.23661 0.0288095 
0.23014 0.561846 0.251534 0.152928 0.962432 0.217109 0.231208 0.871548 0.351451 
0.862789 0.514206 0.388012 0.629353 0.775597 0.850734 0.210212 0.497665 0.675588 
0.106632 0.162786 0.715476 0.0868557 0.80575 0.885739 0.228278 0.0756249 0.540971 
0.725822 0.119449 0.521256 0.786035 0.426527 0.164953 0.576861 0.138646 0.523148 
0.272866 0.475631 0.526841 0.849452 0.589129 0.338908 0.409131 0.0614338 0.550188 
0.142796 0.500351 0.585559 0.664663 0.499008 0.0539262 0.896329 0.304117 0.406262 
0.232154 0.530869 0.285531 0.629109 0.595508 0.745628 0.52559 0.859432 0.2425 
0.222144 0.54854 0.31785 0.631092 0.727744 0.129032 0.950468 0.612873 0.137669 
0.850795 0.877743 0.711692 0.724815 0.862545 0.251564 0.177282 0.123081 0.612568 
0.176885 0.845973 0.87109 0.842921 0.853755 0.338755 0.942045 0.624775 0.596454 
0.629078 0.166143 0.715903 0.886074 0.510605 0.952086 0.0217597 0.112186 0.996704 
0.213233 0.441328 0.160436 0.182958 0.905484 0.878964 0.501938 0.603809 0.082461 
0.70333 0.941038 0.614215 0.874844 0.435377 0.677328 0.828669 0.299234 0.945372 
0.83874 0.147282 0.304025 0.941496 0.140996 0.401715 0.957366 0.0304575 0.830897 
0.151067 0.183966 0.131718 0.568529 0.659536 0.957427 0.526414 0.405591 0.586932 
0.353221 0.322214 0.515488 0.423566 0.370006 0.615802 0.831477 0.200018 0.92407 
0.133335 0.249519 0.504227 0.924192 0.631275 0.551897 0.335704 0.832972 0.837581 
0.707358 0.829707 0.620472 0.215674 0.704886 0.380993 0.516648 0.331858 0.576739 
0.199896 0.469283 0.10715 0.767266 0.830927 0.712668 0.735588 0.503586 0.665365 
0.354289 0.549394 0.324534 0.979919 0.385266 0.612995 0.424024 0.531083 0.0205695 
0.32664 0.965209 0.238289 0.776147 0.821009 0.0213019 0.985534 0.187933 0.424085 
0.300241 0.0736412 0.580309 0.981719 0.307962 0.354442 0.789178 0.312723 0.107944 
0.577227 0.246712 0.580187 0.332713 0.979888 0.333415 0.859828 0.603107 0.655232 
0.404187 0.687033 0.0125736 0.723991 0.39433 0.863765 0.831751 0.845485 0.412091 
0.306131 0.0899686 0.0979339 0.223518 0.214515 0.190527 0.758599 0.036256 0.347179 
0.214606 0.0159001 0.488601 0.678549 0.0714744 0.144444 0.24955 0.223457 0.150517 
0.173956 0.136692 0.30903 0.631306 0.583728 0.157811 0.0744652 0.108219 0.0538041 
0.382611 0.481155 0.685995 0.804041 0.0506607 0.613514 0.201697 0.551958 0.822169 
0.55208 0.730461 0.621601 0.577166 0.600391 0.0303049 0.233406 0.670339 0.146184 
0.0828883 0.507523 0.0466018 0.939146 0.385998 0.21073 0.124729 0.0652791 0.154424 
0.77926 0.854488 0.400555 0.0852382 0.647816 0.853847 0.823603 0.843654 0.416883 
0.0329295 0.969939 0.926023 0.888852 0.610096 0.80813 0.0559709 0.504685 0.926908 
0.819697 0.769982 0.212256 0.968444 0.0636616 0.348491 0.297494 0.994629 0.907102 
0.749382 0.209601 0.189428 0.703024 0.699179 0.912015 0.733573 0.196753 0.599109 
0.789422 0.207617 0.942137 0.401563 0.6433 0.731193 0.508469 0.113773 0.806116 
0.744774 0.760216 0.0843532 0.906217 0.840602 0.989746 0.729728 0.314035 0.548143 
0.185034 0.855831 0.801721 0.481491 0.213507 0.232032 0.446211 0.753807 0.202918 
0.573321 0.308359 0.06592 0.900845 0.586596 0.918302 0.37492 0.293954 0.237983 
0.0986969 0.548967 0.26841 0.897061 0.157506 0.914945 0.592212 0.514084 0.980651 
0.104587 0.00134281 0.486984 0.0565203 0.106021 0.670766 0.373669 0.963805 0.92642 
0.850887 0.106754 0.352428 0.772271 0.952025 0.866054 0.951079 0.153508 0.856807 
0.265725 0.630451 0.817866 0.742698 0.012299 0.0549028 0.92114 0.195318 0.6892 
0.953093 0.340556 0.894162 0.824915 0.538804 0.536546 0.651723 0.900357 0.113865 
0.869869 0.0874355 0.452101 0.383587 0.779839 0.717826 0.927488 0.516373 0.730369 
0.743431 0.447676 0.478957 0.329569 0.314859 0.135807 0.67803 0.529832 0.558061 
0.165166 0.439833 0.31373 0.141026 0.184759 0.35902 0.772851 0.662465 0.277749 
0.0477004 0.985382 0.644124 0.109745 0.316324 0.598712 0.408002 0.422437 0.317179 
0.523453 0.619282 0.529344 0.682485 0.644948 0.776727 0.969848 0.187231 0.958647 
0.431532 0.977325 0.969512 0.0355541 0.41612 0.918577 0.837733 0.224067 0.863582 
0.359569 0.697897 0.494278 0.299631 0.914914 0.630726 0.331126 0.588244 0.536302 
0.650502 0.582781 0.011597 0.397168 0.676992 0.670186 0.266457 0.0288705 0.751335 
0.0641194 0.657521 0.865352 0.0273141 0.436445 0.26957 0.852046 0.569567 0.390912 
0.399121 0.275613 0.489059 0.180731 0.0272225 0.470748 0.448439 0.318552 0.614582 
0.559832 0.0672933 0.485214 0.999969 0.882443 0.259194 0.643666 0.683645 0.270119 
0.0315256 0.764214 0.276772 0.823786 0.779839 0.0672323 0.397839 0.348369 0.606891 
0.189978 0.797967 0.102939 0.699179 0.18302 0.995605 0.0207526 0.290567 0.743522 
0.202582 0.0565813 0.245674 0.590686 0.822352 0.817316 0.793298 0.390271 0.301309 
0.131718 0.441481 0.134129 0.615741 0.716392 0.605731 0.380993 0.173894 0.592975 
0.98114 0.264931 0.415876 0.414258 0.189825 0.677541 0.891934 0.354381 0.735496 
0.530351 0.100284 0.719687 0.795221 0.503494 0.866482 0.936705 0.880886 0.186834 
0.544267 0.0732444 0.900723 0.0201422 0.820765 0.54915 0.65273 0.938231 0.405835 
0.192175 0.280648 0.127232 0.387768 0.29667 0.72457 0.798975 0.536119 0.839625 
0.69631 0.388562 0.332987 0.511826 0.211982 0.082522 0.0142827 0.719291 0.212256 
0.0829493 0.401898 0.211859 0.301523 0.514542 0.807978 0.49498 0.137852 0.380047 
0.792871 0.680807 0.50444 0.471206 0.0580462 0.935148 0.593677 0.640858 0.254585 
0.176336 0.535844 0.342479 0.989257 0.182287 0.70275 0.843867 0.808893 0.762047 
0.818384 0.0204474 0.444838 0.14774 0.407147 0.135502 0.0982086 0.264199 0.611377 
0.512497 0.0472427 0.0309153 0.909299 0.506241 0.358531 0.354076 0.764489 0.679647 
0.982818 0.964019 0.738395 0.591052 0.0167547 0.754692 0.0967742 0.099826 0.412214 
0.781457 0.441816 0.595386 0.913602 0.573016 0.400586 0.0562761 0.505478 0.914518 
0.901639 0.345958 0.150945 0.757042 0.0704367 0.650655 0.102206 0.41081 0.275735 
0.466414 0.564867 0.677602 0.356914 0.0412305 0.996765 0.0787988 0.564623 0.678243 
0.823023 0.835658 0.245552 0.806635 0.848262 0.757378 0.802454 0.226417 0.147343 
0.694082 0.960845 0.433485 0.715964 0.710257 0.873684 0.430342 0.661916 0.634938 
0.0950041 0.930235 0.219184 0.145665 0.954344 0.359447 0.365215 0.0412915 0.362041 
0.565142 0.322764 0.860927 0.578509 0.634144 0.728233 0.50444 0.976562 0.729667 
0.746849 0.0116886 0.329783 0.351482 0.916715 0.155705 0.657552 0.926633 0.00228889 
0.00683615 0.157476 0.13599 0.639149 0.123753 0.257576 0.883724 0.0507828 0.527726 
0.318278 0.31547 0.619251 0.116306 0.01648 0.791559 0.590014 0.672842 0.942412 
0.221686 0.693594 0.127506 0.440352 0.667043 0.963683 0.227302 0.225227 0.616291 
0.534349 0.269692 0.805414 0.8417 0.696799 0.0574969 0.243599 0.241462 0.997009 
0.730552 0.286874 0.574847 0.655873 0.630451 0.397137 0.495804 0.0927458 0.855037 
0.713034 0.792047 0.833918 0.658376 0.474899 0.235054 0.586535 0.352611 0.943937 
0.948149 0.760704 0.868343 0.346477 0.697867 0.219306 0.629078 0.875393 0.0157781 
0.53798 0.896695 0.278695 0.556597 0.555986 0.243629 0.0679647 0.59859 0.499435 
0.308573 0.876766 0.0931425 0.45793 0.491104 0.000732444 0.169347 0.496048 0.742576 
0.650868 0.49968 0.180761 0.108615 0.950346 0.433546 0.806177 0.180059 0.207465 
0.304422 0.0968047 0.108036 0.494675 0.817347 0.670614 0.339976 0.0657674 0.922422 
0.042909 0.732658 0.642079 0.0810877 0.452895 0.198096 0.0991241 0.331339 0.29313 
0.539384 0.584979 0.0575579 0.424421 0.631733 0.601367 0.872311 0.156194 0.605823 
0.0789819 0.515091 0.174505 0.189184 0.978301 0.175512 0.19834 0.862178 0.44673 
0.146001 0.645711 0.984405 0.0640583 0.211249 0.0908841 0.548357 0.206702 0.679952 
0.793817 0.716269 0.0625324 0.465499 0.0829493 0.796045 0.32728 0.121921 0.873104 
0.81341 0.113773 0.240761 0.099002 0.335582 0.105533 0.115879 0.346446 0.703513 
0.485427 0.0818506 0.461654 0.328196 0.671255 0.432722 0.420576 0.208014 0.389019 
0.326701 0.239174 0.322886 0.115635 0.583789 0.20603 0.0615253 0.421552 0.782067 
0.218268 0.33845 0.24546 0.559008 0.502518 0.556383 0.631764 0.524369 0.501663 
0.0706809 0.961882 0.690268 0.20896 0.312174 0.211524 0.825495 0.730766 0.224189 
0.264138 0.639607 0.358715 0.170354 0.812433 0.203528 0.933348 0.969543 0.878872 
0.512589 0.779626 0.21366 0.486953 0.598559 0.996216 0.525315 0.513657 0.09653 
0.379315 0.910733 0.255043 0.673452 0.76281 0.865047 0.736076 0.223823 0.0552385 
0.38554 0.29548 0.239631 0.755882 0.549364 0.477645 0.260079 0.229896 0.812067 
0.7622 0.807825 0.525193 0.682913 0.162664 0.717643 0.0109256 0.933653 0.225776 
0.263955 0.620136 0.99646 0.462111 0.993622 0.976409 0.707724 0.73986 0.66979 
0.187353 0.0538652 0.672597 0.233406 0.584765 0.0751976 0.532487 0.188788 0.193487 
0.584246 0.720206 0.318796 0.21015 0.855007 0.322581 0.136906 0.272774 0.938841 
0.789544 0.981323 0.802606 0.763726 0.261299 0.1583 0.199652 0.673055 0.577441 
0.0404675 0.172918 0.559954 0.498489 0.526261 0.986541 0.253639 0.172002 0.767144 
0.903256 0.314005 0.373943 0.568712 0.606403 0.890652 0.556505 0.371685 0.881802 
0.802423 0.234077 0.219306 0.340403 0.494369 0.738243 0.61742 0.463363 0.0273141 
0.873135 0.693075 0.750664 0.757469 0.502457 0.558672 0.25428 0.861171 0.599536 
0.287057 0.277749 0.362041 0.791253 0.40434 0.522599 0.816126 0.927549 0.306406 
0.463546 0.311533 0.707511 0.505905 0.233314 0.938719 0.893429 0.114902 0.798639 
0.387829 0.143773 0.47084 0.708426 0.829249 0.996979 0.3108 0.195257 0.73339 
0.036195 0.400983 0.912137 0.786462 0.767876 0.0276498 0.0847194 0.558031 0.243416 
0.255593 0.361126 0.0768456 0.957183 0.360149 0.140172 0.971191 0.0503861 0.339824 
0.659474 0.329539 0.353526 0.914731 0.624287 0.938871 0.297433 0.917905 0.659017 
0.0554521 0.224891 0.485397 0.361827 0.365673 0.134068 0.951445 0.244362 0.292062 
0.384594 0.854762 0.337321 0.301798 0.3979 0.962767 0.743217 0.372845 0.882992 
0.719413 0.917844 0.275124 0.61861 0.0231025 0.961333 0.821863 0.32371 0.74105 
0.70043 0.748253 0.646687 0.865993 0.842769 0.373211 0.805231 0.722007 0.984985 
0.700461 0.90759 0.125309 0.75515 0.115604 0.487075 0.906247 0.871792 0.334819 
0.280374 0.698965 0.399609 0.761956 0.781426 0.40495 0.984222 0.910154 0.601856 
0.236702 0.34611 0.0437941 0.169378 0.74749 0.816309 0.69808 0.795343 0.753838 
0.193518 0.230934 0.642445 0.556993 0.705557 0.065157 0.624561 0.369152 0.354839 
0.775842 0.768883 0.351329 0.430494 0.6798 0.0726646 0.168462 0.467269 0.083285 
0.385144 0.468795 0.433302 0.844234 0.34608 0.192755 0.427381 0.404859 0.91232 
0.118839 0.667531 0.95172 0.503342 0.551439 0.0513932 0.858455 0.297403 0.55797 
0.0707114 0.0684225 0.709098 0.660756 0.360149 0.572832 0.579913 0.390454 0.66216 
0.640675 0.112949 0.606983 0.489395 0.957213 0.0830714 0.994171 0.265358 0.32664 
0.353496 0.634663 0.224921 0.0956145 0.230445 0.0711692 0.855892 0.953673 0.687002 
0.760033 0.162664 0.266671 0.987121 0.323832 0.53386 0.600146 0.741478 0.50914 
0.493942 0.587878 0.926237 0.255318 0.121708 0.802667 0.895627 0.781274 0.415479 
0.785302 0.920408 0.0955229 0.386914 0.887936 0.28251 0.837092 0.164739 0.0880459 
0.458022 0.851802 0.889431 0.429792 0.418806 0.41203 0.679983 0.247841 0.584857 
0.484695 0.454512 0.831446 0.458327 0.954588 0.885372 0.683523 0.470199 0.208869 
0.270333 0.032197 0.0712607 0.989441 0.601215 0.75045 0.598468 0.918729 0.610675 
0.339824 0.947905 0.605914 0.0791345 0.135319 0.585559 0.739311 0.18247 0.387188 
0.927519 0.0711997 0.162114 0.3755 0.620197 0.701956 0.0986053 0.214698 0.752434 
0.568621 0.0698263 0.503555 0.530442 0.545274 0.475478 0.477065 0.446791 0.0608234 
0.808588 0.816797 0.47499 0.640706 0.65566 0.775384 0.320505 0.278329 0.20658 
0.771905 0.259713 0.0434278 0.0555742 0.1142 0.598163 0.832514 0.574236 0.00433363 
0.278909 0.668233 0.638264 0.483596 0.672872 0.454024 0.989013 0.473037 0.0817591 
0.589953 0.0107425 0.566118 0.985351 0.35609 0.205725 0.729637 0.563891 0.46971 
0.147038 0.568834 0.527604 0.72277 0.1919 0.313364 0.783532 0.10535 0.735557 
0.180364 0.971984 0.322153 0.287606 0.270363 0.403027 0.107364 0.151799 0.653005 
0.42497 0.24485 0.990753 0.798273 0.755364 0.699667 0.0561541 0.00961333 0.80633 
0.767022 0.367199 0.0156255 0.535325 0.645283 0.616443 0.375713 0.852626 0.338816 
0.0861232 0.856746 0.116184 0.297311 0.355449 0.436567 0.746483 0.697653 0.0798364 
0.0907926 0.49086 0.774529 0.62392 0.0190741 0.370312 0.106357 0.829218 0.466781 
0.838496 0.262246 0.697897 0.799005 0.185278 0.716727 0.27369 0.982635 0.71572 
0.438124 0.50148 0.132786 0.735221 0.0574053 0.346477 0.280129 0.873196 0.0228584 
0.954588 0.0148015 0.775445 0.647664 0.13477 0.164129 0.696951 0.456069 0.945433 
0.159185 0.0266732 0.73513 0.664846 0.247383 0.274789 0.697012 0.928312 0.206977 
0.554216 0.15952 0.312113 0.719749 0.0877102 0.150273 0.146214 0.0581072 0.771416 
0.34077 0.836543 0.242958 0.326273 0.71688 0.478469 0.328501 0.0688192 0.392163 
0.0425123 0.970153 0.832087 0.969665 0.91348 0.932005 0.0682089 0.358867 0.0642415 
0.690146 0.664144 0.454268 0.646138 0.7875 0.501206 0.581072 0.275735 0.0973235 
0.290231 0.114994 0.800897 0.650899 0.71334 0.182195 0.826044 0.185949 0.403394 
0.845393 0.778985 0.0721458 0.792993 0.682424 0.799402 0.769738 0.363292 0.164098 
0.231361 0.477401 0.325175 0.736686 0.000335704 0.126316 0.262612 0.0158086 0.656331 
0.375774 0.770623 0.998169 0.363994 0.767022 0.618458 0.696768 0.621967 0.691702 
0.469466 0.106449 0.991058 0.331004 0.688803 0.905698 0.614124 0.221656 0.270333 
0.800897 0.808008 0.605182 0.413892 0.919614 0.508805 0.216498 0.784173 0.158818 
0.852321 0.668538 0.982574 0.894559 0.670003 0.0882595 0.2631 0.958922 0.182623 
0.161626 0.0237739 0.29133 0.672231 0.242225 0.104495 0.169378 0.4138 0.681295 
0.422956 0.426374 0.648213 0.0340587 0.979705 0.561266 0.877132 0.299997 0.76339 
0.147496 0.261635 0.851772 0.588 0.446822 0.405499 0.210486 0.392621 0.634632 
0.304636 0.322672 0.0355541 0.54268 0.743584 0.495285 0.113895 0.325694 0.920652 
0.645589 0.839412 0.958159 0.582842 0.0212104 0.502609 0.967254 0.451827 0.0477004 
0.556047 0.308542 0.2219 0.458876 0.847591 0.790429 0.911954 0.366771 0.0357067 
0.95349 0.851619 0.42729 0.717612 0.811548 0.0838954 0.757958 0.301126 0.360027 
0.465041 0.76339 0.152684 0.258095 0.242439 0.525956 0.0513016 0.591174 0.392956 
0.916501 0.480728 0.119358 0.501755 0.0821558 0.790674 0.918973 0.463698 0.467849 
0.758538 0.82223 0.788141 0.0263985 0.58272 0.562792 0.788476 0.775262 0.838649 
0.0319529 0.437757 0.354289 0.429182 0.552843 0.171484 0.742515 0.0603656 0.578112 
0.419172 0.788934 0.273721 0.718131 0.145116 0.714011 0.566515 0.505081 0.181036 
0.238258 0.631031 0.799921 0.630024 0.494095 0.244514 0.248054 0.12479 0.376873 
0.84051 0.690085 0.220283 0.491897 0.293039 0.933836 0.702353 0.35316 0.945341 
0.794183 0.0936613 0.99057 0.413312 0.806421 0.138493 0.621235 0.196356 0.519883 
0.546709 0.541948 0.625477 0.777917 0.779015 0.898099 0.180914 0.890225 0.154759 
0.48616 0.710105 0.104312 0.0628376 0.245521 0.576922 0.281838 0.557451 0.595996 
0.274483 0.186316 0.12009 0.277261 0.53148 0.2884 0.868526 0.846583 0.444197 
0.49501 0.994537 0.49089 0.66509 0.708609 0.711142 0.309732 0.179327 0.622669 
0.491226 0.724967 0.7004 0.65978 0.878048 0.173711 0.21601 0.458602 0.649373 
0.74102 0.716056 0.815912 0.616627 0.887661 0.632771 0.489914 0.839717 0.93057 
0.0257576 0.771111 0.539262 0.430952 0.0419324 0.22718 0.487381 0.14716 0.68218 
0.527757 0.158238 0.70806 0.406079 0.755455 0.419477 0.663472 0.60564 0.109836 
0.046083 0.0678121 0.479354 0.409803 0.837733 0.253212 0.338206 0.301279 0.620685 
0.948149 0.87405 0.57622 0.916135 0.398236 0.42259 0.50914 0.555345 0.645314 
0.751732 0.61745 0.0236213 0.620594 0.406049 0.751915 0.814051 0.208808 0.139897 
0.923582 0.571856 0.939451 0.469161 0.772881 0.311594 0.460677 0.873409 0.0880154 
0.487533 0.453291 0.679952 0.278237 0.198767 0.139958 0.160588 0.208258 0.310495 
0.0467544 0.872585 0.300577 0.772485 0.172521 0.774926 0.311502 0.916013 0.222907 
0.151372 0.687063 0.010773 0.0652181 0.871364 0.905576 0.862606 0.0599689 0.019776 
0.712607 0.73336 0.425764 0.427686 0.654683 0.364696 0.293619 0.134098 0.818354 
0.386334 0.607013 0.311045 0.180181 0.890286 0.523881 0.682577 0.474837 0.45262 
0.476669 0.969237 0.986389 0.383496 0.547166 0.389141 0.170293 0.487045 0.311655 
0.747093 0.511277 0.112308 0.813379 0.14246 0.523972 0.776482 0.817835 0.828028 
0.302377 0.141301 0.00784326 0.249763 0.524338 0.624989 0.27427 0.800317 0.317454 
0.429151 0.758476 0.315775 0.892422 0.264016 0.803125 0.848567 0.350352 0.551317 
0.467605 0.746544 0.570055 0.387555 0.763848 0.570116 0.581744 0.0478225 0.269204 
0.878506 0.333232 0.312265 0.272835 0.416395 0.254982 0.395764 0.110874 0.732261 
0.53029 0.762627 0.848079 0.759423 0.47673 0.607044 0.960784 0.391522 0.945219 
0.281106 0.178503 0.583087 0.142857 0.451033 0.139744 0.00698874 0.786004 0.263344 
0.0186163 0.799676 0.989319 0.302133 0.778375 0.425367 0.797845 0.618336 0.208045 
0.191168 0.767632 0.612659 0.398846 0.443129 0.50145 0.0533769 0.815943 0.975799 
0.545946 0.0101016 0.622272 0.685476 0.556322 0.984619 0.410688 0.999237 0.134739 
0.0202948 0.000396741 0.110233 0.249031 0.0717185 0.454268 0.551225 0.637532 0.414594 
0.9729 0.136845 0.10651 0.378491 0.821955 0.806848 0.126682 0.182836 0.949187 
0.40022 0.634388 0.15772 0.446699 0.892972 0.444349 0.130833 0.515641 0.12946 
0.180059 0.261483 0.0887173 0.579608 0.127934 0.103183 0.767541 0.152165 0.921323 
0.176183 0.23014 0.596484 0.461196 0.830775 0.766076 0.522965 0.979278 0.682882 
0.0942412 0.574206 0.649831 0.403455 0.120426 0.777581 0.65685 0.142247 0.790368 
0.610828 0.122318 0.36787 0.694815 0.811731 0.802087 0.40492 0.583056 0.46321 
0.955718 0.449904 0.440413 0.385022 0.296243 0.346507 0.286905 0.363445 0.426405 
0.902402 0.35255 0.249916 0.667257 0.0277718 0.785974 0.460311 0.685873 0.477889 
0.552599 0.905545 0.827906 0.479904 0.678243 0.885464 0.561571 0.0261238 0.495041 
0.976562 0.939207 0.114444 0.0452284 0.445143 0.482559 0.716941 0.2996 0.217261 
0.39848 0.758751 0.346538 0.936369 0.530442 0.8876 0.208136 0.140294 0.953001 
0.315806 0.439344 0.0884121 0.614978 0.515732 0.166723 0.270669 0.937834 0.0497452 
0.722892 0.129246 0.775048 0.316843 0.532762 0.0245979 0.639485 0.495712 0.408155 
0.976867 0.604266 0.467055 0.906827 0.213507 0.783959 0.995117 0.912198 0.0556658 
0.801904 0.950652 0.089877 0.172796 0.150151 0.855831 0.377819 0.738121 0.848537 
0.532853 0.165288 0.515824 0.308115 0.137272 0.318125 0.410779 0.806909 0.357402 
0.705679 0.512803 0.482284 0.0607013 0.385876 0.16599 0.24778 0.169225 0.105106 
0.0947905 0.539781 0.0441908 0.268258 0.118137 0.300546 0.162114 0.0361644 0.482467 
0.103763 0.362865 0.706198 0.345195 0.829096 0.451399 0.0318613 0.440016 0.79162 
0.434126 0.638966 0.454909 0.732658 0.171484 0.192694 0.154241 0.578234 0.727653 
0.47383 0.776482 0.37141 0.198706 0.0187384 0.738304 0.284402 0.300729 0.480453 
0.176733 0.117496 0.498825 0.366558 0.360515 0.190008 0.958312 0.310373 0.501663 
0.0306101 0.099704 0.531419 0.998657 0.772301 0.0381176 0.641743 0.64275 0.658895 
0.689047 0.454115 0.818354 0.56917 0.821009 0.948607 0.228492 0.964629 0.837001 
0.0531938 0.177404 0.167486 0.565783 0.395672 0.940672 0.375042 0.843806 0.681875 
0.254524 0.316385 0.169713 0.857692 0.455794 0.95822 0.212409 0.710044 0.303201 
0.165471 0.453505 0.0639363 0.0116276 0.723624 0.746269 0.23133 0.530686 0.628163 
0.0714438 0.868068 0.598437 0.0481582 0.271828 0.895321 0.601886 0.86993 0.0465712 
0.642109 0.775414 0.226753 0.986358 0.864193 0.768212 0.921628 0.930967 0.796533 
0.112186 0.148228 0.430372 0.895138 0.62157 0.417676 0.590655 0.424451 0.255196 
0.0960112 0.0855434 0.547105 0.47322 0.459578 0.615986 0.0712607 0.618976 0.674062 
0.597247 0.513047 0.357646 0.60387 0.3567 0.62917 0.702719 0.857479 0.622059 
0.0768151 0.66158 0.975646 0.58208 0.3567 0.0315867 0.16831 0.300729 0.695303 
0.377789 0.506699 0.766167 0.0232551 0.723258 0.976562 0.355632 0.705313 0.984039 
0.29899 0.997803 0.178625 0.679037 0.925565 0.81341 0.155675 0.946928 0.112705 
0.515854 0.547533 0.400555 0.4832 0.352702 0.764428 0.850917 0.979675 0.869472 
0.549181 0.431104 0.617359 0.276833 0.000488296 0.152196 0.941588 0.702994 0.941679 
0.421918 0.596851 0.111393 0.291177 0.557482 0.913297 0.166356 0.591754 0.823756 
0.917173 0.826868 0.35374 0.028077 0.671163 0.950133 0.369152 0.203162 0.351299 
0.686392 0.65273 0.408704 0.966247 0.945677 0.166173 0.183935 0.125431 0.718345 
0.981872 0.681356 0.762566 0.530259 0.0422376 0.0135502 0.219855 0.814051 0.171178 
0.844295 0.600543 0.477401 0.493515 0.754601 0.79461 0.450331 0.919004 0.415937 
0.0850551 0.491775 0.847163 0.100986 0.740318 0.0373241 0.748863 0.563738 0.498978 
0.369518 0.781182 0.819697 0.353984 0.891079 0.0917386 0.858089 0.541215 0.78341 
0.96881 0.816797 0.139805 0.830988 0.493057 0.651295 0.190069 0.692862 0.847987 
0.829188 0.734916 0.402844 0.944456 0.0813318 0.691641 0.379284 0.515976 0.740806 
0.960082 0.726188 0.341136 0.70098 0.672964 0.106143 0.748955 0.524094 0.995605 
0.967162 0.0638447 0.731468 0.380291 0.404035 0.146336 0.806452 0.68215 0.435926 
0.68569 0.941618 0.0424818 0.980987 0.400525 0.0614338 0.946318 0.30958 0.804376 
0.151524 0.359264 0.257485 0.691336 0.42555 0.351604 0.979736 0.999207 0.361705 
0.114322 0.526841 0.205451 0.139256 0.774163 0.0249336 0.913022 0.506821 0.913877 
0.740074 0.781213 0.613605 0.203497 0.808802 0.459304 0.834651 0.0496841 0.916196 
0.677816 0.121555 0.668325 0.702109 0.154271 0.90997 0.487594 0.177404 0.470107 
0.114475 0.287271 0.930998 0.573779 0.243446 0.98059 0.409253 0.0679342 0.163427 
0.444807 0.0491043 0.935392 0.545732 0.307169 0.54564 0.860927 0.525651 0.0918607 
0.0357372 0.805414 0.606037 0.634693 0.479202 0.987671 0.335948 0.171667 0.018128 
0.930998 0.796289 0.00750755 0.596271 0.730461 0.423078 0.170598 0.619251 0.197028 
0.199957 0.960448 0.937162 0.0349132 0.751183 0.793908 0.930509 0.708365 0.366008 
0.256783 0.981201 0.154271 0.48619 0.766411 0.109256 0.996673 0.687674 0.751915 
0.0570086 0.419141 0.687246 0.758415 0.601672 0.352428 0.406507 0.381268 0.377636 
0.13184 0.623035 0.436476 0.990173 0.282266 0.241249 0.273873 0.700674 0.586077 
0.713279 0.639088 0.466201 0.0906095 0.641713 0.990478 0.61333 0.211371 0.0950652 
0.677572 0.928007 0.586993 0.667653 0.886868 0.442824 0.842708 0.814417 0.761773 
0.702933 0.917936 0.492782 0.602161 0.791314 0.114933 0.642384 0.550859 0.895444 
0.524033 0.533555 0.672109 0.696127 0.982421 0.51677 0.829218 0.35963 0.221992 
0.203162 0.267251 0.414991 0.363445 0.608417 0.307016 0.296854 0.411664 0.290414 
0.0564592 0.836085 0.909909 0.0125431 0.54622 0.478408 0.408002 0.963591 0.194922 
0.51323 0.901639 0.0652791 0.0111087 0.093173 0.898221 0.399396 0.437605 0.32609 
0.266152 0.284921 0.244423 0.220374 0.523698 0.0369579 0.377453 0.765282 0.723075 
0.938536 0.16773 0.927091 0.587115 0.456557 0.808802 0.842524 0.0535905 0.233131 
0.507523 0.990905 0.884396 0.883602 0.21543 0.625751 0.495132 0.132267 0.345836 
0.247719 0.661855 0.317576 0.384075 0.399457 0.260842 0.797357 0.796106 0.564318 
0.69805 0.285928 0.142552 0.449629 0.184057 0.654073 0.803919 0.436018 0.511002 
0.222968 0.223151 0.474044 0.487899 0.0838038 0.0726951 0.209326 0.690146 0.473769 
0.250832 0.617359 0.679861 0.740043 0.11478 0.929563 0.353282 0.923032 0.856533 
0.13126 0.571154 0.489761 0.426862 0.813593 0.728751 0.249092 0.915403 0.659719 
0.42143 0.979858 0.790948 0.347453 0.862362 0.80282 0.910215 0.148961 0.208197 
0.828486 0.700034 0.00897244 0.449507 0.11127 0.419568 0.382855 0.0214545 0.441603 
0.909085 0.615528 0.792108 0.00704978 0.731132 0.142857 0.583117 0.454237 0.110599 
0.296518 0.880673 0.381848 0.579943 0.993378 0.891537 0.796991 0.735527 0.0912198 
0.601337 0.565416 0.0117496 0.691671 0.991119 0.387341 0.878964 0.171331 0.0679647 
0.3296 0.371288 0.223243 0.866909 0.44615 0.350993 0.688681 0.079104 0.517197 
0.415387 0.461867 0.463912 0.43907 0.852443 0.247749 0.699911 0.295694 0.55153 
0.454787 0.831843 0.642842 0.275643 0.00357067 0.96942 0.0364696 0.200903 0.332896 
0.394482 0.336772 0.130253 0.384167 0.732383 0.818476 0.286874 0.84582 0.34431 
0.61919 0.0940886 0.438337 0.596423 0.557146 0.848018 0.52208 0.162084 0.848781 
0.688742 0.808191 0.0139164 0.758507 0.776666 0.45439 0.261208 0.71099 0.0804163 
0.326914 0.489273 0.897855 0.682028 0.709616 0.757408 0.909482 0.00595111 0.241462 
0.910703 0.423719 0.878506 0.364055 0.36314 0.482437 0.823206 0.0599994 0.00732444 
0.386944 0.499008 0.163579 0.407331 0.744194 0.687124 0.0248726 0.931364 0.694327 
0.733146 0.808771 0.979675 0.851344 0.850398 0.209937 0.964934 0.987671 0.19068 
0.865017 0.200232 0.994354 0.0892666 0.243416 0.352184 0.147649 0.389599 0.2978 
0.614093 0.213874 0.254372 0.655568 0.256447 0.422864 0.369518 0.632771 0.710685 
0.842311 0.946501 0.851253 0.842067 0.183477 0.430006 0.740867 0.568529 0.569933 
0.317148 0.707541 0.481491 0.300302 0.993713 0.248573 0.624622 0.136509 0.99472 
0.796594 0.0873745 0.148686 0.594775 0.573046 0.569018 0.647755 0.134953 0.233039 
0.569597 0.237403 0.992096 0.582171 0.36433 0.516434 0.596942 0.146855 0.417188 
0.462539 0.407514 0.879818 0.390332 0.0291452 0.24366 0.780938 0.405469 0.986419 
0.889248 0.716025 0.713431 0.537492 0.368023 0.21366 0.428053 0.741508 0.800012 
0.52205 0.481124 0.274483 0.243477 0.706748 0.453871 0.559313 0.430403 0.0706198 
0.441786 0.796136 0.79989 0.677664 0.609149 0.924345 0.737236 0.261025 0.588885 
0.0476089 0.424146 0.297555 0.384564 0.352886 0.20658 0.529313 0.930723 0.0548418 
0.886258 0.713706 0.967223 0.397046 0.842402 0.883389 0.384869 0.240852 0.389782 
0.897214 0.697562 0.273629 0.279427 0.56325 0.797784 0.367168 0.747917 0.115696 
0.65157 0.117924 0.0218818 0.326151 0.0892056 0.100131 0.684042 0.0310373 0.347758 
0.86285 0.806391 0.356609 0.521867 0.202551 0.257576 0.421857 0.579119 0.742546 
0.0903348 0.801782 0.0958586 0.349834 0.41493 0.531236 0.370251 0.421583 0.665426 
0.931394 0.0682699 0.571581 0.664937 0.0393994 0.059328 0.74868 0.395581 0.923093 
0.597644 0.317881 0.880001 0.661397 0.505203 0.135655 0.0804163 0.272439 0.513535 
0.150761 0.221564 0.369701 0.419324 0.561418 0.443556 0.828272 0.211097 0.0606403 
0.191198 0.24192 0.82284 0.20069 0.245827 0.452589 0.670553 0.407697 0.806085 
0.933348 0.628651 0.678121 0.523545 0.305948 0.601703 0.488144 0.899991 0.774773 
0.348399 0.94702 0.951842 0.75753 0.713553 0.725913 0.548967 0.49498 0.924558 
0.79339 0.332926 0.920164 0.108676 0.488784 0.622181 0.56856 0.687307 0.964751 
0.209357 0.810755 0.803064 0.530015 0.457686 0.188421 0.436811 0.9241 0.602344 
0.135197 0.37019 0.0545366 0.663167 0.863552 0.650014 0.228736 0.874996 0.698752 
0.71099 0.410596 0.0416883 0.641652 0.81283 0.534349 0.720603 0.440931 0.948119 
0.405927 0.642689 0.956694 0.877071 0.22367 0.275979 0.0958892 0.44554 0.249336 
0.937437 0.101718 0.842524 0.660634 0.359722 0.477462 0.953185 0.116947 0.119999 
0.326456 0.464034 0.0689718 0.835444 0.389386 0.876278 0.343822 0.533128 0.559954 
0.0834376 0.0365307 0.0999786 0.160375 0.670003 0.24012 0.218787 0.758141 0.586657 
0.643849 0.696982 0.804407 0.358989 0.532701 0.594134 0.876675 0.485672 0.218085 
0.0547502 0.805658 0.181951 0.431471 0.252174 0.468459 0.125645 0.71218 0.350017 
0.528886 0.360973 0.320688 0.887692 0.9064 0.0168767 0.708457 0.495743 0.254555 
0.996307 0.0755333 0.347789 0.230934 0.291879 0.0476699 0.254707 0.838832 0.0856655 
0.00341807 0.807978 0.622822 0.287362 0.0830409 0.477737 0.998871 0.669057 0.410413 
0.0726341 0.500656 0.25132 0.558885 0.466872 0.222968 0.0979644 0.792657 0.00112918 
0.243721 0.174963 0.114658 0.46379 0.305704 0.430128 0.652699 0.0582598 0.539415 
0.749901 0.413984 0.262978 0.508042 0.949034 0.941038 0.990295 0.356059 0.450056 
0.898343 0.950163 0.34254 0.808283 0.12241 0.625599 0.540544 0.738731 0.166021 
0.765343 0.983612 0.801386 0.867336 0.800501 0.0409253 0.400647 0.976257 0.0912503 
0.302347 0.255989 0.368267 0.410016 0.754112 0.998993 0.877773 0.566759 0.527116 
0.0538041 0.281289 0.583728 0.998535 0.45735 0.462966 0.324809 0.528367 0.774712 
0.292367 0.98645 0.611774 0.766869 0.246742 0.355968 0.728965 0.966521 0.308695 
0.243995 0.673269 0.818262 0.170324 0.996612 0.639271 0.539537 0.275307 0.494125 
0.851863 0.358715 0.730277 0.542253 0.017365 0.285989 0.616291 0.0621662 0.378582 
0.0740989 0.732353 0.985748 0.654164 0.524583 0.301309 0.261849 0.644307 0.795923 
0.6704 0.880642 0.783532 0.870083 0.536882 0.321146 0.422193 0.833277 0.730369 
0.329447 0.117496 0.127659 0.0829798 0.432875 0.71569 0.429945 0.418989 0.0968963 
0.506455 0.312845 0.194281 0.930754 0.230873 0.346538 0.817988 0.848231 0.224128 
0.795526 0.18659 0.589862 0.474288 0.567339 0.462661 0.512467 0.878048 0.569842 
0.628346 0.0527055 0.475509 0.13242 0.846065 0.770714 0.944334 0.64861 0.156804 
0.379864 0.134922 0.0947295 0.547746 0.669454 0.928159 0.582812 0.919858 0.725791 
0.196204 0.602008 0.987732 0.358776 0.148686 0.106265 0.641896 0.139531 0.844172 
0.103824 0.805383 0.955748 0.149419 0.904965 0.315683 0.490677 0.927213 0.683828 
0.863369 0.532548 0.733268 0.511704 0.518509 0.519913 0.805139 0.516434 0.876492 
0.229865 0.622547 0.325663 0.35371 0.0149846 0.821772 0.449141 0.665639 0.495224 
0.744438 0.75689 0.0169683 0.111423 0.4026 0.709403 0.0366833 0.44612 0.140934 
0.495773 0.987884 0.718314 0.777459 0.736686 0.284463 0.358348 0.504044 0.907682 
0.846065 0.0690329 0.328074 0.139592 0.321482 0.279397 0.336009 0.552385 0.712973 
0.397168 0.560869 0.777856 0.432051 0.766594 0.734306 0.8287 0.318003 0.737175 
0.704581 0.969176 0.651021 0.75042 0.801996 0.743919 0.690023 0.850124 0.932829 
0.821528 0.767815 0.522813 0.682791 0.808435 0.473678 0.274606 0.211829 0.690115 
0.95529 0.85049 0.221076 0.0551775 0.870937 0.502518 0.773186 0.75927 0.0234993 
0.213111 0.247414 0.18421 0.207312 0.279672 0.211219 0.749626 0.298959 0.166692 
0.488357 0.83227 0.1236 0.0318003 0.206 0.750114 0.128117 0.831813 0.101657 
0.967193 0.391827 0.415143 0.870754 0.174963 0.00656148 0.506851 0.836695 0.407544 
0.357036 0.99237 0.72454 0.84579 0.332865 0.406384 0.819239 0.467269 0.00350963 
0.0331736 0.289987 0.198462 0.787408 0.524369 0.961943 0.724876 0.64626 0.440413 
0.316019 0.615467 0.336314 0.622517 0.999298 0.918302 0.247261 0.800501 0.625324 
0.882565 0.860469 0.343455 0.147801 0.964263 0.357189 0.559313 0.587054 0.77105 
0.409192 0.449141 0.391339 0.102878 0.681478 0.32313 0.214576 0.744713 0.0794702 
0.183996 0.390973 0.16715 0.271889 0.284219 0.88815 0.791894 0.519608 0.763359 
0.0203558 0.977508 0.342998 0.771691 0.702384 0.382458 0.0581072 0.986572 0.525864 
0.861263 0.713401 0.927305 0.4391 0.549944 0.457808 0.975463 0.311655 0.297372 
0.87225 0.50618 0.164892 0.0984527 0.294626 0.0374157 0.349925 0.68569 0.670705 
0.802667 0.45381 0.934843 0.961455 0.653951 0.215949 0.241646 0.638173 0.701071 
0.234993 0.525468 0.297098 0.593616 0.748405 0.0157781 0.923917 0.851436 0.265328 
0.478622 0.840297 0.150548 0.33433 0.0382702 0.863247 0.970306 0.227119 0.251259 
0.708396 0.507767 0.819514 0.588366 0.169073 0.266549 0.450819 0.981109 0.101474 
0.225196 0.0433363 0.589007 0.748344 0.992218 0.262459 0.443709 0.431166 0.853328 
0.999298 0.126377 0.143284 0.118046 0.956603 0.134495 0.0744346 0.671041 0.6198 
0.0943938 0.59801 0.134617 0.393719 0.475753 0.752739 0.549333 0.186651 0.964263 
0.749687 0.977874 0.22309 0.148686 0.535752 0.93936 0.366008 0.678915 0.945219 
0.0798669 0.730338 0.550462 0.47029 0.985656 0.868557 0.672719 0.182348 0.544847 
0.309976 0.376171 0.834346 0.764641 0.734672 0.0157781 0.676443 0.44966 0.563341 
0.325938 0.0157476 0.647755 0.244636 0.683767 0.0514237 0.269814 0.0209662 0.936949 
0.0163579 0.789697 0.45381 0.952116 0.156713 0.430158 0.490432 0.540361 0.580798 
0.741844 0.35258 0.915799 0.508133 0.980651 0.028901 0.343577 0.950316 0.190405 
0.651875 0.133732 0.354595 0.397046 0.54091 0.637013 0.241829 0.819849 0.192907 
0.39848 0.369549 0.506974 0.000854518 0.126255 0.451827 0.300974 0.982696 0.630482 
0.967162 0.540422 0.30079 0.389203 0.0851161 0.40437 0.853999 0.897855 0.243873 
0.305582 0.722983 0.457808 0.408918 0.238655 0.750511 0.560839 0.544908 0.489761 
0.0376293 0.525376 0.331614 0.613727 0.637135 0.541276 0.655385 0.0850551 0.225532 
0.778527 0.906827 0.529038 0.0349437 0.717215 0.616962 0.939146 0.825739 0.354076 
0.462081 0.78695 0.181555 0.442396 0.169195 0.431043 0.908048 0.421308 0.353008 
0.730888 0.816065 0.190802 0.815912 0.271981 0.670949 0.388806 0.34199 0.108737 
0.589312 0.326243 0.516587 0.431074 0.664022 0.236641 0.602283 0.0610981 0.0991241 
0.996734 0.00286874 0.186193 0.635792 0.973327 0.34666 0.234535 0.550401 0.154118 
0.71984 0.299661 0.00622578 0.217658 0.0816065 0.0198676 0.0400708 0.698782 0.392468 
0.319132 0.964507 0.906247 0.486099 0.915494 0.467635 0.748772 0.217139 0.00326548 
0.191534 0.124973 0.915403 0.0155339 0.0700095 0.034669 0.677877 0.872646 0.207801 
0.0664388 0.530137 0.623371 0.581835 0.41908 0.987854 0.885342 0.345927 0.11182 
0.0501114 0.989685 0.020539 0.540971 0.155705 0.237922 0.348216 0.037843 0.133305 
0.175787 0.0965911 0.585437 0.677175 0.291147 0.589557 0.34901 0.37962 0.0419935 
0.248604 0.178014 0.851192 0.620746 0.924833 0.734397 0.95999 0.360912 0.303476 
0.404431 0.721519 0.193121 0.161718 0.649922 0.870052 0.0555437 0.761559 0.955016 
0.642994 0.66628 0.15833 0.0251167 0.809259 0.562761 0.7069 0.394116 0.473128 
0.815485 0.545854 0.0954924 0.684713 0.321451 0.342174 0.554918 0.388318 0.084109 
0.0761437 0.359203 0.739982 0.385907 0.149144 0.0587176 0.325358 0.259438 0.594531 
0.659322 0.309214 0.164037 0.673574 0.959624 0.047853 0.273385 0.637257 0.390759 
0.195807 0.28074 0.935484 0.513932 0.837642 0.128208 0.654408 0.832453 0.676504 
0.565966 0.464248 0.0747703 0.810968 0.9476 0.857356 0.604175 0.130161 0.168279 
0.958953 0.111667 0.860256 0.151952 0.691427 0.248634 0.291726 0.792962 0.573168 
0.3549 0.220252 0.759697 0.933683 0.938719 0.131138 0.0653096 0.825556 0.0652181 
0.659597 0.812677 0.415479 0.309153 0.35728 0.019013 0.134617 0.428297 0.297067 
0.927183 0.37019 0.413892 0.54677 0.709311 0.979186 0.074221 0.0431227 0.969481 
0.405774 0.807855 0.897916 0.951323 0.683309 0.72216 0.666219 0.856899 0.102481 
0.754204 0.609638 0.183355 0.826624 0.949644 0.484237 0.483322 0.235542 0.556139 
0.885495 0.455214 0.279305 0.087405 0.68096 0.770196 0.622761 0.0141911 0.562273 
0.541398 0.862484 0.238685 0.247353 0.842189 0.597217 0.00802637 0.364269 0.179357 
0.633137 0.423902 0.548112 0.327891 0.104892 0.203619 0.781915 0.432936 0.794366 
0.850032 0.512955 0.785913 0.427351 0.885159 0.575762 0.180517 0.230567 0.305246 
0.453017 0.255257 0.529374 0.912198 0.905515 0.728324 0.667653 0.678518 0.502457 
0.931425 0.0316172 0.80163 0.0836818 0.548692 0.457991 0.603961 0.684561 0.966948 
0.808344 0.934751 0.954833 0.143406 0.990753 0.230445 0.603381 0.397443 0.209876 
0.889248 0.899106 0.0320444 0.726981 0.116245 0.760063 0.192114 0.910581 0.896207 
0.461409 0.865017 0.859828 0.248421 0.494186 0.429792 0.381115 0.422254 0.605243 
0.662038 0.599597 0.187323 0.550401 0.599445 0.986511 0.876522 0.591571 0.17539 
0.0839869 0.336344 0.269448 0.0261544 0.708426 0.44261 0.482681 0.378216 0.913266 
0.336131 0.404981 0.421918 0.493149 0.0357372 0.27131 0.0777001 0.310282 0.584429 
0.564653 0.561235 0.224067 0.384777 0.634236 0.653462 0.90582 0.880398 0.276711 
0.0820643 0.319285 0.239082 0.311472 0.920713 0.148564 0.19425 0.681356 0.411603 
0.954436 0.700827 0.109958 0.118686 0.340434 0.561754 0.847041 0.816919 0.910215 
0.681753 0.53267 0.0238655 0.29664 0.103732 0.712088 0.580859 0.0450453 0.485366 
0.0322275 0.188208 0.630818 0.17066 0.650899 0.302805 0.392895 0.513993 0.890225 
0.302438 0.665181 0.61211 0.665456 0.324473 0.885678 0.10062 0.720664 0.684408 
0.96585 0.171331 0.201727 0.280648 0.70101 0.466201 0.599231 0.89227 0.502731 
0.00485244 0.591052 0.775018 0.234993 0.801416 0.817103 0.462874 0.43495 0.326914 
0.11652 0.180792 0.699789 0.473861 0.259621 0.774957 0.520798 0.17893 0.704489 
0.56682 0.34608 0.360088 0.410657 0.0374462 0.152928 0.32429 0.240791 0.748009 
0.311106 0.302499 0.981079 0.402814 0.0186468 0.267525 0.512345 0.461318 0.0910062 
0.69158 0.162816 0.205176 0.38493 0.399213 0.773492 0.666524 0.6386 0.172704 
0.50792 0.323832 0.00860622 0.265175 0.937315 0.971892 0.0859706 0.478408 0.432203 
0.671316 0.671529 0.961272 0.392163 0.185003 0.092349 0.385205 0.344371 0.806757 
0.340739 0.65276 0.443007 0.988739 0.816431 0.795709 0.399792 0.674215 0.953673 
0.218848 0.37785 0.74163 0.514267 0.945738 0.879421 0.465957 0.82812 0.0224006 
0.159093 0.404126 0.761864 0.736137 0.193762 0.610584 0.697653 0.804224 0.740104 
0.588977 0.302774 0.1901 0.511734 0.886563 0.371593 0.702719 0.00631733 0.737297 
0.52089 0.0349742 0.0145573 0.660237 0.0202338 0.398419 0.34196 0.41908 0.538011 
0.409314 0.774804 0.249336 0.084994 0.383496 0.821314 0.759331 0.936399 0.695059 
0.259957 0.411206 0.813562 0.356304 0.0250557 0.988495 0.106662 0.474349 0.461837 
0.955931 0.419996 0.740928 0.481826 0.118381 0.220283 0.611774 0.649983 0.484756 
0.870113 0.331645 0.734489 0.743095 0.827204 0.461257 0.750908 0.253426 0.291208 
0.0625324 0.0315561 0.964507 0.0786157 0.198157 0.351817 0.160314 0.0077517 0.901975 
0.643818 0.443312 0.574633 0.276223 0.329722 0.859859 0.201086 0.872158 0.805322 
0.574694 0.836695 0.0097354 0.105045 0.000579852 0.194861 0.193609 0.28019 0.789056 
0.405591 0.280465 0.520859 0.588763 0.365032 0.554918 0.553819 0.977905 0.563829 
0.369701 0.346507 0.476363 0.675069 0.506851 0.649281 0.044557 0.683432 0.915342 
0.406629 0.974548 0.836238 0.98233 0.568834 0.580035 0.198492 0.993805 0.335185 
0.591754 0.0924711 0.940672 0.36024 0.663686 0.20304 0.327158 0.954131 0.897214 
0.630848 0.137211 0.808191 0.789026 0.673421 0.615253 0.277444 0.508988 0.616504 
0.0178838 0.750755 0.914579 0.316111 0.992492 0.14011 0.207465 0.852931 0.738731 
0.020661 0.639607 0.0403455 0.610004 0.451888 0.173528 0.0670492 0.310251 0.0119633 
0.504898 0.0557878 0.342784 0.0762352 0.351817 0.819422 0.867336 0.87112 0.418561 
0.595203 0.62154 0.334361 0.939085 0.0393078 0.0632649 0.313639 0.206824 0.262001 
0.389752 0.133885 0.997406 0.185064 0.589801 0.0653706 0.289682 0.00305185 0.185827 
0.723014 0.19245 0.0289926 0.821284 0.928983 0.481918 0.706259 0.350047 0.0691855 
0.657002 0.0676595 0.584338 0.475265 0.918638 0.423139 0.356578 0.863216 0.97882 
0.557085 0.0524003 0.359722 0.106174 0.216681 0.270486 0.147984 0.314219 0.172765 
0.765343 0.26371 0.0979644 0.633808 0.329905 0.572619 0.626331 0.294961 0.773736 
0.461104 0.79516 0.803125 0.652913 0.271035 0.0482803 0.918851 0.908628 0.00955229 
0.372387 0.157506 0.0696432 0.366161 0.371563 0.18952 0.176 0.566942 0.82873 
0.781945 0.0792566 0.0986663 0.6592 0.562304 0.276284 0.832759 0.66335 0.385907 
0.932127 0.581042 0.984191 0.587878 0.248909 0.614521 0.676321 0.901273 0.836604 
0.176153 0.292581 0.322398 0.241768 0.519181 0.894375 0.704794 0.291269 0.501663 
0.392041 0.362682 0.405927 0.26957 0.621754 0.465804 0.541917 0.0584429 0.0648213 
0.506302 0.914914 0.645772 0.615894 0.619037 0.163579 0.484817 0.306253 0.0368664 
0.109348 0.0514847 0.388318 0.461928 0.76751 0.435255 0.687979 0.634053 0.766717 
0.705496 0.630329 0.877712 0.833216 0.0844447 0.846126 0.908841 0.495376 0.458083 
0.763817 0.682638 0.665548 0.256081 0.09476 0.563585 0.254646 0.232307 0.617023 
0.598987 0.47673 0.176794 0.164129 0.177313 0.998932 0.0906705 0.225379 0.852565 
0.593371 0.85519 0.0637532 0.615772 0.447462 0.926237 0.757286 0.395245 0.788476 
0.0854213 0.0709555 0.0664998 0.97882 0.779168 0.564745 0.752953 0.738426 0.0765404 
0.844081 0.699271 0.650258 0.778191 0.359355 0.497971 0.605182 0.706076 0.660573 
0.950926 0.342601 0.7069 0.512955 0.346782 0.743187 0.39903 0.780572 0.435713 
0.0294504 0.195227 0.483444 0.882717 0.531327 0.631825 0.935026 0.480483 0.171819 
0.535813 0.365581 0.903592 0.33018 0.0611286 0.938902 0.284646 0.237739 0.12537 
0.566759 0.394269 0.563829 0.277932 0.429609 0.705527 0.346721 0.531297 0.607685 
0.124546 0.927091 0.186224 0.730247 0.668416 0.0392468 0.182714 0.0483413 0.871548 
0.717307 0.00704978 0.837886 0.201758 0.171422 0.687277 0.538682 0.267525 0.291604 
0.907376 0.536699 0.0973235 0.934385 0.772271 0.994354 0.272561 0.648854 0.253975 
0.636525 0.195318 0.99884 0.851192 0.897549 0.272042 0.13657 0.492416 0.335887 
0.294565 0.784783 0.215064 0.72277 0.799524 0.283151 0.650838 0.710471 0.687674 
0.855739 0.848994 0.487594 0.884182 0.754845 0.468978 0.326243 0.321146 0.438551 
0.873318 0.428541 0.0236824 0.437574 0.152013 0.977874 0.580676 0.0676901 0.610187 
0.801691 0.781732 0.644337 0.749474 0.551836 0.701102 0.355052 0.275002 0.808618 
0.0105594 0.446944 0.159124 0.0149846 0.801691 0.884213 0.292734 0.647114 0.699057 
0.133122 0.756005 0.527512 0.54622 0.230049 0.239326 0.686911 0.444777 0.78869 
0.646107 0.681387 0.428266 0.103427 0.408155 0.770592 0.552202 0.00433363 0.545488 
0.863704 0.681265 0.620533 0.00137333 0.639241 0.755028 0.707877 0.284097 0.744804 
0.813593 0.697501 0.946471 0.483322 0.563921 0.121128 0.93466 0.89169 0.768853 
0.569872 0.337352 0.618397 0.239204 0.842097 0.566576 0.506149 0.71102 0.437269 
0.501206 0.285897 0.388501 0.0517899 0.624928 0.288308 0.434492 0.232765 0.689413 
0.579089 0.189337 0.846522 0.934233 0.424604 0.399396 0.517533 0.394391 0.493515 
0.236885 0.694662 0.327464 0.701224 0.391644 0.500229 0.290719 0.10303 0.0165716 
0.0188604 0.900021 0.742454 0.808039 0.181768 0.80166 0.860622 0.00170904 0.903134 
0.888363 0.37376 0.566546 0.624653 0.290475 0.0239265 0.376232 0.924589 0.174169 
0.110233 0.641438 0.347453 0.877041 0.206275 0.382244 0.110721 0.413251 0.769921 
0.223395 0.844661 0.878933 0.0523087 0.292764 0.021485 0.789239 0.211768 0.504715 
0.230781 0.87814 0.0388806 0.00933866 0.956084 0.392682 0.199377 0.0893277 0.0102542 
0.412275 0.400769 0.284738 0.285134 0.224921 0.388958 0.0281991 0.97177 0.291086 
0.181402 0.570574 0.907773 0.82693 0.442671 0.479263 0.207801 0.537797 0.408795 
0.489914 0.833583 0.53328 0.266945 0.992737 0.259285 0.955504 0.396161 0.935057 
0.889584 0.351054 0.375805 0.421094 0.384991 0.318705 0.167852 0.790124 0.552416 
0.463637 0.379101 0.454451 0.956084 0.18952 0.00997955 0.278634 0.905301 0.359813 
0.595721 0.780572 0.975768 0.359325 0.146336 0.936369 0.719962 0.587542 0.791986 
0.869991 0.723655 0.914853 0.53914 0.208747 0.663839 0.132817 0.0448622 0.386273 
0.525437 0.929929 0.814692 0.673788 0.631977 0.42378 0.730338 0.221229 0.647328 
0.78164 0.31431 0.889523 0.204138 0.959441 0.636555 0.15482 0.315653 0.0917997 
0.270119 0.866726 0.226844 0.563524 0.202155 0.140599 0.861354 0.293527 0.105716 
0.166631 0.52031 0.26368 0.879665 0.215613 0.989471 0.822352 0.862026 0.623554 
0.710562 0.795099 0.623615 0.0357982 0.173681 0.932829 0.747978 0.692496 0.186407 
0.729484 0.503861 0.0359508 0.176061 0.139836 0.816523 0.421888 0.181616 0.229072 
0.444014 0.215003 0.691244 0.285165 0.76516 0.0511185 0.981719 0.425459 0.0845058 
0.546068 0.116153 0.228645 0.861843 0.233375 0.256172 0.423414 0.77102 0.0116886 
0.444624 0.16483 0.995788 0.883175 0.515427 0.930021 0.667653 0.264016 0.286691 
0.564165 0.853114 0.648946 0.692923 0.508286 0.995361 0.909879 0.0133366 0.739586 
0.217811 0.0108951 0.851985 0.456313 0.395032 0.42085 0.0259102 0.0377514 0.397412 
0.00354015 0.0180975 0.311045 0.415998 0.668722 0.150731 0.65569 0.773766 0.563311 
0.135777 0.977294 0.129124 0.0853603 0.158483 0.0818506 0.478805 0.501328 0.150609 
0.48146 0.8652 0.448012 0.408948 0.162877 0.195441 0.100925 0.216315 0.350627 
0.0780663 0.289376 0.62035 0.794855 0.0832545 0.340526 0.0268563 0.616413 0.333232 
0.932859 0.764 0.23954 0.829279 0.74102 0.273263 0.4438 0.420759 0.152562 
0.0837428 0.0661641 0.823725 0.838588 0.225867 0.385144 0.593799 0.458693 0.240638 
0.71746 0.460982 0.282357 0.441237 0.259011 0.931761 0.007416 0.582324 0.701285 
0.565111 0.557054 0.594226 0.654164 0.828639 0.136387 0.537584 0.406964 0.940855 
0.330515 0.43498 0.0582904 0.606281 0.524461 0.135929 0.546678 0.0492264 0.426618 
0.87109 0.612201 0.252724 0.977233 0.652211 0.22187 0.808588 0.422651 0.174352 
0.488418 0.285348 0.83697 0.375896 0.614795 0.519944 0.872127 0.313181 0.895291 
0.739311 0.0178228 0.505875 0.304605 0.918332 0.15244 0.409284 0.705863 0.280618 
0.666158 0.169774 0.209113 0.348003 0.937559 0.319865 0.711692 0.444746 0.445296 
0.568682 0.151006 0.0636616 0.295419 0.344707 0.501907 0.999512 0.44615 0.246498 
0.0492264 0.656087 0.410993 0.0580157 0.966979 0.433668 0.722007 0.484573 0.735496 
0.602741 0.933622 0.265694 0.427656 0.570055 0.448927 0.821284 0.395611 0.943876 
0.949736 0.0871303 0.388928 0.303903 0.710807 0.696371 0.635945 0.0829798 0.580676 
0.16242 0.918912 0.466079 0.909482 0.220679 0.17481 0.712973 0.205145 0.984283 
0.652669 0.811426 0.799921 0.0706198 0.158818 0.866451 0.306986 0.355083 0.421247 
0.132023 0.150456 0.507645 0.104373 0.0919218 0.947813 0.969054 0.505509 0.495468 
0.0278939 0.522813 0.464034 0.754479 0.864589 0.118992 0.51503 0.608112 0.707633 
0.106357 0.817927 0.461348 0.192358 0.528703 0.892087 0.303446 0.208777 0.642201 
0.690085 0.612964 0.811975 0.309549 0.040376 0.155248 0.454512 0.427381 0.99002 
0.0786157 0.322611 0.0429701 0.0792261 0.215979 0.0569475 0.316813 0.0789209 0.997284 
0.639515 0.987182 0.222175 0.880032 0.727592 0.492599 0.461257 0.703269 0.216559 
0.409284 0.781121 0.871914 0.312204 0.358654 0.101016 0.777184 0.894101 0.0423902 
0.795099 0.359691 0.451216 0.560228 0.363262 0.221564 0.371319 0.667562 0.284158 
0.193213 0.864711 0.128422 0.580401 0.761864 0.304209 0.820856 0.128483 0.267342 
0.262581 0.749809 0.24369 0.27192 0.0280465 0.625324 0.572008 0.0101932 0.87994 
0.160741 0.819605 0.325053 0.905118 0.748192 0.351573 0.996612 0.636891 0.667196 
0.191198 0.869625 0.29722 0.482711 0.450636 0.686239 0.923948 0.788995 0.724631 
0.0299081 0.163579 0.955229 0.478317 0.286935 0.0120853 0.0295419 0.960448 0.0318613 
0.283334 0.45735 0.673238 0.743004 0.0879849 0.770379 0.930052 0.253975 0.103122 
0.902799 0.532395 0.848445 0.914121 0.290445 0.0970794 0.402905 0.209998 0.409528 
0.0652181 0.485305 0.113865 0.910977 0.923948 0.814386 0.428846 0.00677511 0.672323 
0.986938 0.0817591 0.264718 0.0628681 0.878872 0.545091 0.467086 0.649403 0.626209 
0.518662 0.690695 0.172826 0.592517 0.652486 0.263253 0.316294 0.228889 0.591754 
0.753533 0.360515 0.232826 0.125523 0.650472 0.770775 0.911954 0.719901 0.888211 
0.246895 0.159398 0.217383 0.873257 0.267373 0.946623 0.983642 0.169408 0.658711 
0.73986 0.282357 0.497604 0.221534 0.746971 0.160436 0.206122 0.944731 0.400433 
0.623646 0.867946 0.838313 0.983001 0.384869 0.161168 0.917234 0.801996 0.96588 
0.689108 0.366283 0.818964 0.433637 0.895779 0.418409 0.140477 0.552904 0.733543 
0.976653 0.27665 0.635853 0.23899 0.511826 0.573138 0.870418 0.673147 0.266823 
0.723716 0.408155 0.382366 0.298624 0.768853 0.9935 0.0363781 0.38966 0.486923 
0.414808 0.399335 0.359264 0.584246 0.559435 0.290384 0.807184 0.59035 0.353038 
0.88992 0.819575 0.864315 0.365337 0.047853 0.669454 0.618824 0.362926 0.750084 
0.0423597 0.368175 0.590655 0.399182 0.81869 0.706107 0.0627461 0.0663167 0.943876 
0.820063 0.645039 0.369457 0.417859 0.648152 0.209174 0.135289 0.934965 0.0847499 
0.640828 0.500443 0.204932 0.141423 0.982238 0.608234 0.487716 0.468764 0.490829 
0.557695 0.371502 0.146275 0.895535 0.760521 0.326792 0.145756 0.630909 0.36256 
0.066805 0.375011 0.331614 0.886196 0.245827 0.707602 0.367626 0.749229 0.526719 
0.905393 0.701804 0.817499 0.548784 0.83993 0.850948 0.646657 0.827448 0.918729 
0.231574 0.569506 0.116428 0.123081 0.671896 0.285714 0.264626 0.563311 0.370678 
0.109409 0.0977508 0.957915 0.0851161 0.531266 0.357189 0.942656 0.828181 0.25135 
0.226295 0.616291 0.856777 0.339 0.47618 0.228614 0.232734 0.67571 0.76162 
0.41731 0.736869 0.337626 0.0987274 0.900021 0.417798 0.0737327 0.0556352 0.0276803 
0.557115 0.535905 0.687002 0.105564 0.331523 0.417158 0.744194 0.887814 0.953612 
0.154546 0.191992 0.152348 0.572253 0.352519 0.56325 0.76223 0.714316 0.583392 
0.182531 0.119083 0.548387 0.720908 0.790429 0.415845 0.751976 0.463332 0.59917 
0.594348 0.26371 0.202307 0.31138 0.414289 0.701498 0.89346 0.132969 0.539872 
0.727592 0.0853298 0.311228 0.0499588 0.142766 0.762963 0.229652 0.278848 0.989868 
0.161596 0.590869 0.392712 0.448317 0.208197 0.718314 0.609241 0.801294 0.745323 
0.50853 0.465621 0.255898 0.194861 0.0652486 0.041963 0.898587 0.817743 0.546037 
0.545824 0.566179 0.22483 0.253212 0.164281 0.914548 0.296854 0.50029 0.590197 
0.465407 0.168218 0.284921 0.127995 0.913266 0.431806 0.299692 0.786309 0.473067 
0.220557 0.312204 0.262795 0.550279 0.322428 0.445479 0.228034 0.514481 0.984649 
0.389874 0.814478 0.857692 0.563799 0.0781884 0.716453 0.518601 0.677725 0.854579 
0.808222 0.654347 0.0157476 0.669057 0.685476 0.640492 0.463393 0.328684 0.0369884 
0.581011 0.697501 0.336406 0.252815 0.109104 0.90875 0.349315 0.174718 0.76046 
0.807001 0.787072 0.395734 0.699881 0.566301 0.622089 0.0145573 0.0827357 0.865566 
0.882717 0.251595 0.832484 0.681082 0.900204 0.83224 0.115238 0.987487 0.831477 
0.544023 0.293283 0.0227058 0.488174 0.874264 0.637867 0.274392 0.00399792 0.133335 
0.58327 0.842341 0.37083 0.971282 0.803186 0.334971 0.375286 0.692557 0.890469 
0.954711 0.967223 0.276345 0.921659 0.929319 0.590716 0.508011 0.687704 0.945158 
0.509507 0.128147 0.8717 0.738548 0.657613 0.405377 0.95529 0.501724 0.0468154 
0.0393689 0.134831 0.259377 0.261727 0.800165 0.0285958 0.872219 0.0742821 0.80987 
0.456008 0.823634 0.708487 0.873623 0.0708029 0.445998 0.786828 0.765069 0.128544 
0.742607 0.489517 0.873623 0.170446 0.461318 0.958068 0.119114 0.904386 0.576891 
0.473983 0.540269 0.0642109 0.837214 0.444319 0.463301 0.529252 0.530686 0.725059 
0.656819 0.48442 0.130375 0.313456 0.379254 0.902829 0.971435 0.941221 0.725333 
0.131809 0.617603 0.598743 0.177252 0.863857 0.074221 0.522752 0.767571 0.273202 
0.502365 0.677816 0.759453 0.600299 0.591571 0.263222 0.25071 0.96408 0.247108 
0.27665 0.608203 0.684591 0.747703 0.66567 0.138157 0.896268 0.0302438 0.0983001 
0.899442 0.733665 0.258095 0.884182 0.0653096 0.870602 0.328166 0.0769982 0.740715 
0.694174 0.474258 0.290262 0.640339 0.89462 0.622211 0.256874 0.534745 0.752647 
0.653005 0.664235 0.869991 0.905118 0.23075 0.295969 0.467483 0.870632 0.351054 
0.0115665 0.710288 0.11594 0.266366 0.595172 0.121555 0.944884 0.94467 0.00448622 
0.742454 0.990539 0.717551 0.051973 0.214454 0.592425 0.273995 0.0481582 0.973632 
0.839595 0.656026 0.439619 0.461837 0.560869 0.412763 0.972198 0.762535 0.0438246 
0.568682 0.410749 0.565813 0.763421 0.562761 0.347026 0.870449 0.901517 0.814539 
0.126469 0.328166 0.939055 0.073336 0.425459 0.63686 0.101199 0.206915 0.510239 
0.888821 0.937803 0.585955 0.708792 0.280313 0.819361 0.720328 0.126682 0.0888394 
0.630696 0.30372 0.138493 0.324107 0.442946 0.322581 0.68569 0.959044 0.445174 
0.385937 0.912503 0.147221 0.917325 0.931883 0.171026 0.332926 0.52504 0.467605 
0.926572 0.659902 0.718528 0.498642 0.594592 0.585253 0.515641 0.303934 0.840785 
0.104617 0.451308 0.212775 0.374981 0.495132 0.97412 0.539994 0.770867 0.981811 
0.0714744 0.835566 0.341716 0.234382 0.404523 0.605029 0.604694 0.100436 0.733848 
0.156682 0.363842 0.48085 0.917936 0.7322 0.943632 0.754234 0.264595 0.576403 
0.604083 0.656606 0.517624 0.10303 0.668935 0.0220038 0.259133 0.812372 0.397626 
0.291238 0.00930815 0.116916 0.133122 0.193732 0.804712 0.731834 0.756035 0.510239 
0.536149 0.785699 0.976623 0.321177 0.827967 0.308573 0.49617 0.648122 0.739036 
0.253121 0.568682 0.893735 0.0677816 0.705069 0.99411 0.986877 0.541673 0.439497 
0.0743736 0.63918 0.672781 0.479263 0.564013 0.619068 0.560747 0.811151 0.145543 
0.449538 0.424024 0.916898 0.462081 0.436232 0.141118 0.27485 0.237434 0.431715 
0.58269 0.488357 0.515488 0.242225 0.0159612 0.197577 0.550035 0.0834681 0.362712 
0.430738 0.376141 0.991363 0.591906 0.55092 0.59447 0.594012 0.0284127 0.454939 
0.399731 0.151646 0.859157 0.180486 0.384472 0.269845 0.617267 0.577563 0.149602 
0.193335 0.926725 0.20069 0.252693 0.0856349 0.287362 0.0780969 0.52562 0.20191 
0.182562 0.514115 0.292215 0.359905 0.290231 0.580889 0.518082 0.616565 0.0787072 
0.456038 0.422834 0.555742 0.568499 0.262093 0.586718 0.0933866 0.541459 0.564104 
0.0825831 0.206763 0.978393 0.181829 0.66451 0.493637 0.00643941 0.47264 0.544115 
0.967803 0.137516 0.741172 0.786523 0.997131 0.0788903 0.932432 0.856014 0.790613 
0.897519 0.264107 0.343974 0.340312 0.818812 0.954985 0.409284 0.224769 0.441694 
0.704703 0.963103 0.179846 0.650899 0.0823084 0.128819 0.843501 0.00762963 0.478988 
0.00894192 0.580584 0.900082 0.781365 0.289651 0.794183 0.234962 0.422101 0.714469 
0.629078 0.951353 0.963469 0.958464 0.474471 0.137883 0.870327 0.934172 0.171636 
0.0350047 0.628986 0.0599689 0.332835 0.702902 0.867946 0.52324 0.677908 0.636952 
0.636769 0.0683309 0.794519 0.111515 0.499527 0.341472 0.228828 0.533647 0.598804 
0.323527 0.312143 0.587756 0.346782 0.881954 0.630238 0.452437 0.899533 0.972869 
0.541612 0.870968 0.0706198 0.525163 0.650807 0.356517 0.840632 0.537217 0.642872 
0.313364 0.11829 0.417798 0.385601 0.355296 0.910337 0.102512 0.705649 0.602771 
0.555223 0.976714 0.744316 0.239448 0.178076 0.136265 0.300241 0.110202 0.0222175 
0.0177618 0.0643025 0.641041 0.814081 0.92877 0.153417 0.862636 0.817469 0.509842 
0.849361 0.81872 0.733696 0.659597 0.949034 0.140446 0.103427 0.953642 0.632344 
0.0679342 0.367046 0.089053 0.253792 0.700369 0.239082 0.385601 0.964141 0.755974 
0.553697 0.874569 0.568316 0.622883 0.236793 0.00689718 0.526353 0.982238 0.561846 
0.511948 0.502518 0.784997 0.344432 0.437269 0.370037 0.863277 0.233222 0.902036 
0.0767235 0.957915 0.752342 0.593921 0.278695 0.443037 0.252358 0.541887 0.147282 
0.529588 0.425398 0.195379 0.256691 0.228004 0.541246 0.34138 0.957396 0.852565 
0.0600909 0.890683 0.142491 0.347362 0.778832 0.0644551 0.812799 0.216407 0.166448 
0.0127567 0.346934 0.338054 0.0455336 0.395581 0.882778 0.445601 0.275216 0.958007 
0.716514 0.555101 0.592822 0.631153 0.125614 0.121891 0.269692 0.189489 0.521714 
0.20661 0.737724 0.996002 0.339793 0.432325 0.842921 0.866512 0.570238 0.014008 
0.88226 0.584582 0.339366 0.64156 0.0796838 0.0979034 0.445296 0.497269 0.658193 
0.92761 0.254952 0.189734 0.163488 0.821528 0.868892 0.884823 0.196326 0.183264 
0.959563 0.415052 0.208686 0.307627 0.190069 0.649007 0.521226 0.953856 0.619129 
0.901486 0.217353 0.288156 0.998321 0.666066 0.0705893 0.726859 0.368603 0.451247 
0.161473 0.710532 0.86169 0.00125126 0.339946 0.94171 0.112583 0.682791 0.189917 
0.116337 0.19013 0.319163 0.651997 0.680929 0.451033 0.253059 0.960448 0.645711 
0.223914 0.91876 0.0512406 0.986663 0.730155 0.705557 0.0967132 0.665731 0.146672 
0.393536 0.323618 0.802087 0.218146 0.942656 0.770501 0.0246284 0.323832 0.916715 
0.140873 0.537736 0.406018 0.323374 0.408429 0.930692 0.665914 0.151341 0.330119 
0.262978 0.433332 0.386151 0.524216 0.455977 0.116672 0.785638 0.268441 0.522416 
0.638936 0.196387 0.675649 0.665395 0.266549 0.692801 0.402326 0.777306 0.236854 
0.319041 0.546648 0.370617 0.0908231 0.716483 0.8923 0.471786 0.117008 0.416456 
0.15418 0.508835 0.813013 0.080813 0.382397 0.724662 0.770989 0.47084 0.180486 
0.146825 0.893002 0.425611 0.894711 0.645405 0.342845 0.632038 0.429914 0.109714 
0.140416 0.466414 0.848903 0.275765 0.804895 0.690146 0.411023 0.235023 0.952971 
0.279763 0.206732 0.156255 0.258461 0.173193 0.0437025 0.251503 0.679556 0.213324 
0.741661 0.51735 0.359722 0.0697958 0.491104 0.282968 0.108768 0.421033 0.433241 
0.0959807 0.870388 0.176763 0.116611 0.977447 0.0819727 0.0232551 0.986847 0.577105 
0.333567 0.0717795 0.566088 0.260689 0.231697 0.891964 0.477981 0.659719 0.874569 
0.711081 0.9747 0.715537 0.844905 0.0607929 0.121982 0.748741 0.12653 0.65212 
0.29899 0.585406 0.851192 0.760399 0.168462 0.271004 0.281411 0.901181 0.774102 
0.403546 0.936247 0.078402 0.920927 0.617023 0.265572 0.386059 0.495437 0.246651 
0.7799 0.244667 0.88113 0.707022 0.0407422 0.0537126 0.126041 0.614032 0.419599 
0.541459 0.0187689 0.182684 0.0296945 0.592975 0.728507 0.931303 0.738639 0.838496 
0.166051 0.223395 0.666982 0.782067 0.721915 0.679312 0.0793481 0.753197 0.537065 
0.98761 0.0747703 0.461379 0.963958 0.148289 0.981536 0.435865 0.372387 0.679281 
0.863765 0.131108 0.958037 0.816462 0.0455336 0.979766 0.70864 0.239448 0.0586871 
0.173894 0.185095 0.354045 0.920804 0.456313 0.272927 0.662374 0.149358 0.702475 
0.5609 0.252266 0.418867 0.575213 0.502579 0.937101 0.266274 0.0323191 0.0177923 
0.0771203 0.751915 0.969665 0.689413 0.613849 0.48146 0.779412 0.212043 0.348369 
